"train","lat","lng","speed","direction","poll","departed","arrived","from","to","instance","pollMin","times"
"1 (05-24)",52.9692,-118.0581,106,,"2023-05-27T12:38:31Z",true,false,"TORONTO","VANCOUVER","2023-05-24",1,"[{""station"":""Toronto"",""code"":""TRTO"",""estimated"":""2023-05-24T13:56:00Z"",""scheduled"":""2023-05-24T13:55:00Z"",""eta"":""ARR"",""departure"":{""estimated"":""2023-05-24T13:56:00Z"",""scheduled"":""2023-05-24T13:55:00Z""},""diff"":""goo"",""diffMin"":1},{""station"":""Washago"",""code"":""WSHG"",""estimated"":""2023-05-24T16:09:39Z"",""scheduled"":""2023-05-24T16:25:00Z"",""eta"":""ARR"",""arrival"":{""estimated"":""2023-05-24T16:09:39Z"",""scheduled"":""2023-05-24T16:25:00Z""},""departure"":{""estimated"":""2023-05-24T16:12:00Z"",""scheduled"":""2023-05-24T16:25:02Z""},""diff"":""goo"",""diffMin"":-15},{""station"":""South Parry"",""code"":""SPAR"",""estimated"":""2023-05-24T18:24:00Z"",""scheduled"":""2023-05-24T18:27:00Z"",""eta"":""ARR"",""arrival"":{""estimated"":""2023-05-24T18:24:00Z"",""scheduled"":""2023-05-24T18:27:00Z""},""departure"":{""estimated"":""2023-05-24T18:27:10Z"",""scheduled"":""2023-05-24T18:27:02Z""},""diff"":""goo"",""diffMin"":-3},{""station"":""Sudbury (Jct.)"",""code"":""SUDJ"",""estimated"":""2023-05-24T20:46:20Z"",""scheduled"":""2023-05-24T20:57:00Z"",""eta"":""ARR"",""arrival"":{""estimated"":""2023-05-24T20:46:20Z"",""scheduled"":""2023-05-24T20:57:00Z""},""departure"":{""estimated"":""2023-05-24T21:07:50Z"",""scheduled"":""2023-05-24T20:57:02Z""},""diff"":""goo"",""diffMin"":-10},{""station"":""Capreol"",""code"":""CAPR"",""estimated"":""2023-05-24T21:36:49Z"",""scheduled"":""2023-05-24T21:22:00Z"",""eta"":""ARR"",""arrival"":{""estimated"":""2023-05-24T21:36:49Z"",""scheduled"":""2023-05-24T21:22:00Z""},""departure"":{""estimated"":""2023-05-24T21:36:49Z"",""scheduled"":""2023-05-24T21:52:00Z""},""diff"":""med"",""diffMin"":14},{""station"":""Laforest"",""code"":""LAFO"",""estimated"":""2023-05-24T23:09:25Z"",""scheduled"":""2023-05-24T22:48:00Z"",""eta"":""ARR"",""arrival"":{""estimated"":""2023-05-24T23:09:25Z"",""scheduled"":""2023-05-24T22:48:00Z""},""departure"":{""estimated"":""2023-05-24T23:09:25Z"",""scheduled"":""2023-05-24T22:48:02Z""},""diff"":""bad"",""diffMin"":21},{""station"":""McKee's Camp"",""code"":""MCKC"",""estimated"":""2023-05-24T23:22:25Z"",""scheduled"":""2023-05-24T23:01:00Z"",""eta"":""ARR"",""arrival"":{""estimated"":""2023-05-24T23:22:25Z"",""scheduled"":""2023-05-24T23:01:00Z""},""departure"":{""estimated"":""2023-05-24T23:22:25Z"",""scheduled"":""2023-05-24T23:01:02Z""},""diff"":""bad"",""diffMin"":21},{""station"":""Felix"",""code"":""FELX"",""estimated"":""2023-05-24T23:42:25Z"",""scheduled"":""2023-05-24T23:21:00Z"",""eta"":""ARR"",""arrival"":{""estimated"":""2023-05-24T23:42:25Z"",""scheduled"":""2023-05-24T23:21:00Z""},""departure"":{""estimated"":""2023-05-24T23:42:25Z"",""scheduled"":""2023-05-24T23:21:02Z""},""diff"":""bad"",""diffMin"":21},{""station"":""Ruel"",""code"":""RUEL"",""estimated"":""2023-05-24T23:49:25Z"",""scheduled"":""2023-05-24T23:28:00Z"",""eta"":""ARR"",""arrival"":{""estimated"":""2023-05-24T23:49:25Z"",""scheduled"":""2023-05-24T23:28:00Z""},""departure"":{""estimated"":""2023-05-24T23:49:25Z"",""scheduled"":""2023-05-24T23:28:02Z""},""diff"":""bad"",""diffMin"":21},{""station"":""Westree"",""code"":""WSTR"",""estimated"":""2023-05-25T01:22:08Z"",""scheduled"":""2023-05-24T23:45:00Z"",""eta"":""ARR"",""arrival"":{""estimated"":""2023-05-25T01:22:08Z"",""scheduled"":""2023-05-24T23:45:00Z""},""departure"":{""estimated"":""2023-05-25T01:22:08Z"",""scheduled"":""2023-05-24T23:45:02Z""},""diff"":""bad"",""diffMin"":97},{""station"":""Gogama"",""code"":""GOGA"",""estimated"":""2023-05-25T01:50:18Z"",""scheduled"":""2023-05-25T00:18:00Z"",""eta"":""ARR"",""arrival"":{""estimated"":""2023-05-25T01:50:18Z"",""scheduled"":""2023-05-25T00:18:00Z""},""departure"":{""estimated"":""2023-05-25T01:50:18Z"",""scheduled"":""2023-05-25T00:18:02Z""},""diff"":""bad"",""diffMin"":92},{""station"":""Foleyet"",""code"":""FOLE"",""estimated"":""2023-05-25T03:21:17Z"",""scheduled"":""2023-05-25T02:44:00Z"",""eta"":""ARR"",""arrival"":{""estimated"":""2023-05-25T03:21:17Z"",""scheduled"":""2023-05-25T02:44:00Z""},""departure"":{""estimated"":""2023-05-25T03:21:17Z"",""scheduled"":""2023-05-25T02:44:02Z""},""diff"":""bad"",""diffMin"":37},{""station"":""Elsas"",""code"":""ELSA"",""estimated"":""2023-05-25T04:18:54Z"",""scheduled"":""2023-05-25T03:38:00Z"",""eta"":""ARR"",""arrival"":{""estimated"":""2023-05-25T04:18:54Z"",""scheduled"":""2023-05-25T03:38:00Z""},""departure"":{""estimated"":""2023-05-25T04:18:54Z"",""scheduled"":""2023-05-25T03:38:02Z""},""diff"":""bad"",""diffMin"":40},{""station"":""Oba"",""code"":""OBAX"",""estimated"":""2023-05-25T06:18:54Z"",""scheduled"":""2023-05-25T05:38:00Z"",""eta"":""ARR"",""arrival"":{""estimated"":""2023-05-25T06:18:54Z"",""scheduled"":""2023-05-25T05:38:00Z""},""departure"":{""estimated"":""2023-05-25T06:18:54Z"",""scheduled"":""2023-05-25T05:38:02Z""},""diff"":""bad"",""diffMin"":40},{""station"":""Hornepayne"",""code"":""HNPN"",""estimated"":""2023-05-25T06:40:38Z"",""scheduled"":""2023-05-25T06:29:00Z"",""eta"":""ARR"",""arrival"":{""estimated"":""2023-05-25T06:40:38Z"",""scheduled"":""2023-05-25T06:29:00Z""},""departure"":{""estimated"":""2023-05-25T06:40:38Z"",""scheduled"":""2023-05-25T07:09:00Z""},""diff"":""med"",""diffMin"":11},{""station"":""Hillsport"",""code"":""HLSP"",""estimated"":""2023-05-25T08:10:19Z"",""scheduled"":""2023-05-25T08:05:00Z"",""eta"":""ARR"",""arrival"":{""estimated"":""2023-05-25T08:10:19Z"",""scheduled"":""2023-05-25T08:05:00Z""},""departure"":{""estimated"":""2023-05-25T08:10:19Z"",""scheduled"":""2023-05-25T08:05:02Z""},""diff"":""med"",""diffMin"":5},{""station"":""Caramat"",""code"":""CARA"",""estimated"":""2023-05-25T08:46:53Z"",""scheduled"":""2023-05-25T08:55:00Z"",""eta"":""ARR"",""arrival"":{""estimated"":""2023-05-25T08:46:53Z"",""scheduled"":""2023-05-25T08:55:00Z""},""departure"":{""estimated"":""2023-05-25T08:45:47Z"",""scheduled"":""2023-05-25T08:55:02Z""},""diff"":""goo"",""diffMin"":-8},{""station"":""Longlac"",""code"":""LLAC"",""estimated"":""2023-05-25T09:21:57Z"",""scheduled"":""2023-05-25T09:34:00Z"",""eta"":""ARR"",""arrival"":{""estimated"":""2023-05-25T09:21:57Z"",""scheduled"":""2023-05-25T09:34:00Z""},""departure"":{""estimated"":""2023-05-25T09:19:57Z"",""scheduled"":""2023-05-25T09:34:02Z""},""diff"":""goo"",""diffMin"":-12},{""station"":""Nakina"",""code"":""NAKI"",""estimated"":""2023-05-25T09:57:52Z"",""scheduled"":""2023-05-25T10:13:00Z"",""eta"":""ARR"",""arrival"":{""estimated"":""2023-05-25T09:57:52Z"",""scheduled"":""2023-05-25T10:13:00Z""},""departure"":{""estimated"":""2023-05-25T09:56:39Z"",""scheduled"":""2023-05-25T10:13:02Z""},""diff"":""goo"",""diffMin"":-15},{""station"":""Auden"",""code"":""AUDN"",""estimated"":""2023-05-25T11:15:21Z"",""scheduled"":""2023-05-25T11:19:00Z"",""eta"":""ARR"",""arrival"":{""estimated"":""2023-05-25T11:15:21Z"",""scheduled"":""2023-05-25T11:19:00Z""},""departure"":{""estimated"":""2023-05-25T11:19:02Z"",""scheduled"":""2023-05-25T11:19:02Z""},""diff"":""goo"",""diffMin"":-3},{""station"":""Ferland"",""code"":""FERL"",""estimated"":""2023-05-25T11:56:00Z"",""scheduled"":""2023-05-25T11:56:00Z"",""eta"":""ARR"",""arrival"":{""estimated"":""2023-05-25T11:56:00Z"",""scheduled"":""2023-05-25T11:56:00Z""},""departure"":{""estimated"":""2023-05-25T11:56:02Z"",""scheduled"":""2023-05-25T11:56:02Z""},""diff"":""goo"",""diffMin"":0},{""station"":""Mud River"",""code"":""MUDR"",""estimated"":""2023-05-25T12:05:00Z"",""scheduled"":""2023-05-25T12:05:00Z"",""eta"":""ARR"",""arrival"":{""estimated"":""2023-05-25T12:05:00Z"",""scheduled"":""2023-05-25T12:05:00Z""},""departure"":{""estimated"":""2023-05-25T12:05:02Z"",""scheduled"":""2023-05-25T12:05:02Z""},""diff"":""goo"",""diffMin"":0},{""station"":""Armstrong"",""code"":""ARMG"",""estimated"":""2023-05-25T12:25:02Z"",""scheduled"":""2023-05-25T13:17:00Z"",""eta"":""ARR"",""arrival"":{""estimated"":""2023-05-25T12:25:02Z"",""scheduled"":""2023-05-25T13:17:00Z""},""departure"":{""estimated"":""2023-05-25T12:58:10Z"",""scheduled"":""2023-05-25T13:17:02Z""},""diff"":""goo"",""diffMin"":-51},{""station"":""Collins"",""code"":""COLL"",""estimated"":""2023-05-25T13:27:22Z"",""scheduled"":""2023-05-25T13:47:00Z"",""eta"":""ARR"",""arrival"":{""estimated"":""2023-05-25T13:27:22Z"",""scheduled"":""2023-05-25T13:47:00Z""},""departure"":{""estimated"":""2023-05-25T13:47:02Z"",""scheduled"":""2023-05-25T13:47:02Z""},""diff"":""goo"",""diffMin"":-19},{""station"":""Allanwater Bridge"",""code"":""ALWB"",""estimated"":""2023-05-25T14:26:00Z"",""scheduled"":""2023-05-25T14:26:00Z"",""eta"":""ARR"",""arrival"":{""estimated"":""2023-05-25T14:26:00Z"",""scheduled"":""2023-05-25T14:26:00Z""},""departure"":{""estimated"":""2023-05-25T14:26:02Z"",""scheduled"":""2023-05-25T14:26:02Z""},""diff"":""goo"",""diffMin"":0},{""station"":""Flindt Landing"",""code"":""FLTL"",""estimated"":""2023-05-25T14:42:00Z"",""scheduled"":""2023-05-25T14:42:00Z"",""eta"":""ARR"",""arrival"":{""estimated"":""2023-05-25T14:42:00Z"",""scheduled"":""2023-05-25T14:42:00Z""},""departure"":{""estimated"":""2023-05-25T14:42:02Z"",""scheduled"":""2023-05-25T14:42:02Z""},""diff"":""goo"",""diffMin"":0},{""station"":""Savant Lake"",""code"":""SAVL"",""estimated"":""2023-05-25T14:59:00Z"",""scheduled"":""2023-05-25T14:59:00Z"",""eta"":""ARR"",""arrival"":{""estimated"":""2023-05-25T14:59:00Z"",""scheduled"":""2023-05-25T14:59:00Z""},""departure"":{""estimated"":""2023-05-25T14:59:02Z"",""scheduled"":""2023-05-25T14:59:02Z""},""diff"":""goo"",""diffMin"":0},{""station"":""Sioux Lookout"",""code"":""SLKT"",""estimated"":""2023-05-25T16:14:31Z"",""scheduled"":""2023-05-25T16:25:00Z"",""eta"":""ARR"",""arrival"":{""estimated"":""2023-05-25T16:14:31Z"",""scheduled"":""2023-05-25T16:25:00Z""},""departure"":{""estimated"":""2023-05-25T16:56:20Z"",""scheduled"":""2023-05-25T16:55:00Z""},""diff"":""goo"",""diffMin"":-10},{""station"":""Richan"",""code"":""RCHN"",""estimated"":""2023-05-25T18:04:43Z"",""scheduled"":""2023-05-25T18:05:00Z"",""eta"":""ARR"",""arrival"":{""estimated"":""2023-05-25T18:04:43Z"",""scheduled"":""2023-05-25T18:05:00Z""},""departure"":{""estimated"":""2023-05-25T18:04:17Z"",""scheduled"":""2023-05-25T18:05:02Z""},""diff"":""goo"",""diffMin"":0},{""station"":""Red Lake Road"",""code"":""RLRX"",""estimated"":""2023-05-25T19:17:15Z"",""scheduled"":""2023-05-25T18:41:00Z"",""eta"":""ARR"",""arrival"":{""estimated"":""2023-05-25T19:17:15Z"",""scheduled"":""2023-05-25T18:41:00Z""},""departure"":{""estimated"":""2023-05-25T19:17:15Z"",""scheduled"":""2023-05-25T18:41:02Z""},""diff"":""bad"",""diffMin"":36},{""station"":""Canyon"",""code"":""CNYK"",""estimated"":""2023-05-25T19:41:03Z"",""scheduled"":""2023-05-25T19:10:00Z"",""eta"":""ARR"",""arrival"":{""estimated"":""2023-05-25T19:41:03Z"",""scheduled"":""2023-05-25T19:10:00Z""},""departure"":{""estimated"":""2023-05-25T19:41:03Z"",""scheduled"":""2023-05-25T19:10:02Z""},""diff"":""bad"",""diffMin"":31},{""station"":""Farlane"",""code"":""FARL"",""estimated"":""2023-05-25T20:16:19Z"",""scheduled"":""2023-05-25T19:47:00Z"",""eta"":""ARR"",""arrival"":{""estimated"":""2023-05-25T20:16:19Z"",""scheduled"":""2023-05-25T19:47:00Z""},""departure"":{""estimated"":""2023-05-25T20:16:19Z"",""scheduled"":""2023-05-25T19:47:02Z""},""diff"":""bad"",""diffMin"":29},{""station"":""Redditt"",""code"":""RDDT"",""estimated"":""2023-05-25T20:35:16Z"",""scheduled"":""2023-05-25T20:23:00Z"",""eta"":""ARR"",""arrival"":{""estimated"":""2023-05-25T20:35:16Z"",""scheduled"":""2023-05-25T20:23:00Z""},""departure"":{""estimated"":""2023-05-25T20:35:16Z"",""scheduled"":""2023-05-25T20:23:02Z""},""diff"":""med"",""diffMin"":12},{""station"":""Minaki"",""code"":""MNKI"",""estimated"":""2023-05-25T21:02:11Z"",""scheduled"":""2023-05-25T20:44:00Z"",""eta"":""ARR"",""arrival"":{""estimated"":""2023-05-25T21:02:11Z"",""scheduled"":""2023-05-25T20:44:00Z""},""departure"":{""estimated"":""2023-05-25T21:02:11Z"",""scheduled"":""2023-05-25T20:44:02Z""},""diff"":""bad"",""diffMin"":18},{""station"":""Ottermere"",""code"":""OTTM"",""estimated"":""2023-05-25T21:17:07Z"",""scheduled"":""2023-05-25T21:01:00Z"",""eta"":""ARR"",""arrival"":{""estimated"":""2023-05-25T21:17:07Z"",""scheduled"":""2023-05-25T21:01:00Z""},""departure"":{""estimated"":""2023-05-25T21:17:07Z"",""scheduled"":""2023-05-25T21:01:02Z""},""diff"":""bad"",""diffMin"":16},{""station"":""Malachi"",""code"":""MLCH"",""estimated"":""2023-05-25T21:27:46Z"",""scheduled"":""2023-05-25T21:07:00Z"",""eta"":""ARR"",""arrival"":{""estimated"":""2023-05-25T21:27:46Z"",""scheduled"":""2023-05-25T21:07:00Z""},""departure"":{""estimated"":""2023-05-25T21:27:46Z"",""scheduled"":""2023-05-25T21:07:02Z""},""diff"":""bad"",""diffMin"":20},{""station"":""Copelands Landing"",""code"":""COPE"",""estimated"":""2023-05-25T21:29:46Z"",""scheduled"":""2023-05-25T21:09:00Z"",""eta"":""ARR"",""arrival"":{""estimated"":""2023-05-25T21:29:46Z"",""scheduled"":""2023-05-25T21:09:00Z""},""departure"":{""estimated"":""2023-05-25T21:29:46Z"",""scheduled"":""2023-05-25T21:09:02Z""},""diff"":""bad"",""diffMin"":20},{""station"":""Rice Lake"",""code"":""RCLK"",""estimated"":""2023-05-25T21:50:40Z"",""scheduled"":""2023-05-25T21:12:00Z"",""eta"":""ARR"",""arrival"":{""estimated"":""2023-05-25T21:50:40Z"",""scheduled"":""2023-05-25T21:12:00Z""},""departure"":{""estimated"":""2023-05-25T21:50:40Z"",""scheduled"":""2023-05-25T21:12:02Z""},""diff"":""bad"",""diffMin"":38},{""station"":""Winnitoba"",""code"":""WNTB"",""estimated"":""2023-05-25T22:01:24Z"",""scheduled"":""2023-05-25T21:26:00Z"",""eta"":""ARR"",""arrival"":{""estimated"":""2023-05-25T22:01:24Z"",""scheduled"":""2023-05-25T21:26:00Z""},""departure"":{""estimated"":""2023-05-25T22:01:24Z"",""scheduled"":""2023-05-25T21:26:02Z""},""diff"":""bad"",""diffMin"":35},{""station"":""Ophir"",""code"":""OPHR"",""estimated"":""2023-05-25T21:59:50Z"",""scheduled"":""2023-05-25T21:31:00Z"",""eta"":""ARR"",""arrival"":{""estimated"":""2023-05-25T21:59:50Z"",""scheduled"":""2023-05-25T21:31:00Z""},""departure"":{""estimated"":""2023-05-25T21:59:50Z"",""scheduled"":""2023-05-25T21:31:02Z""},""diff"":""bad"",""diffMin"":28},{""station"":""Brereton Lake"",""code"":""BRTL"",""estimated"":""2023-05-25T22:12:56Z"",""scheduled"":""2023-05-25T21:49:00Z"",""eta"":""ARR"",""arrival"":{""estimated"":""2023-05-25T22:12:56Z"",""scheduled"":""2023-05-25T21:49:00Z""},""departure"":{""estimated"":""2023-05-25T22:12:56Z"",""scheduled"":""2023-05-25T21:49:02Z""},""diff"":""bad"",""diffMin"":23},{""station"":""Elma"",""code"":""ELMA"",""estimated"":""2023-05-25T22:35:28Z"",""scheduled"":""2023-05-25T22:10:00Z"",""eta"":""ARR"",""arrival"":{""estimated"":""2023-05-25T22:35:28Z"",""scheduled"":""2023-05-25T22:10:00Z""},""departure"":{""estimated"":""2023-05-25T22:35:28Z"",""scheduled"":""2023-05-25T22:10:02Z""},""diff"":""bad"",""diffMin"":25},{""station"":""Winnipeg"",""code"":""WNPG"",""estimated"":""2023-05-25T23:45:37Z"",""scheduled"":""2023-05-26T00:30:00Z"",""eta"":""ARR"",""arrival"":{""estimated"":""2023-05-25T23:45:37Z"",""scheduled"":""2023-05-26T00:30:00Z""},""departure"":{""estimated"":""2023-05-26T02:29:40Z"",""scheduled"":""2023-05-26T02:30:00Z""},""diff"":""goo"",""diffMin"":-44},{""station"":""Portage La Prairie"",""code"":""PLPX"",""estimated"":""2023-05-26T03:44:28Z"",""scheduled"":""2023-05-26T04:04:00Z"",""eta"":""ARR"",""arrival"":{""estimated"":""2023-05-26T03:44:28Z"",""scheduled"":""2023-05-26T04:04:00Z""},""departure"":{""estimated"":""2023-05-26T03:42:50Z"",""scheduled"":""2023-05-26T04:04:02Z""},""diff"":""goo"",""diffMin"":-19},{""station"":""Rivers"",""code"":""RVRS"",""estimated"":""2023-05-26T05:23:57Z"",""scheduled"":""2023-05-26T06:31:00Z"",""eta"":""ARR"",""arrival"":{""estimated"":""2023-05-26T05:23:57Z"",""scheduled"":""2023-05-26T06:31:00Z""},""departure"":{""estimated"":""2023-05-26T05:28:20Z"",""scheduled"":""2023-05-26T06:31:02Z""},""diff"":""goo"",""diffMin"":-67},{""station"":""Melville"",""code"":""MELV"",""estimated"":""2023-05-26T10:38:40Z"",""scheduled"":""2023-05-26T10:54:00Z"",""eta"":""ARR"",""arrival"":{""estimated"":""2023-05-26T10:38:40Z"",""scheduled"":""2023-05-26T10:54:00Z""},""departure"":{""estimated"":""2023-05-26T11:04:30Z"",""scheduled"":""2023-05-26T11:04:00Z""},""diff"":""goo"",""diffMin"":-15},{""station"":""Watrous"",""code"":""WATR"",""estimated"":""2023-05-26T14:43:37Z"",""scheduled"":""2023-05-26T13:54:00Z"",""eta"":""ARR"",""arrival"":{""estimated"":""2023-05-26T14:43:37Z"",""scheduled"":""2023-05-26T13:54:00Z""},""departure"":{""estimated"":""2023-05-26T14:43:37Z"",""scheduled"":""2023-05-26T13:54:02Z""},""diff"":""bad"",""diffMin"":49},{""station"":""Saskatoon"",""code"":""SASK"",""estimated"":""2023-05-26T15:46:49Z"",""scheduled"":""2023-05-26T15:50:00Z"",""eta"":""ARR"",""arrival"":{""estimated"":""2023-05-26T15:46:49Z"",""scheduled"":""2023-05-26T15:50:00Z""},""departure"":{""estimated"":""2023-05-26T15:46:49Z"",""scheduled"":""2023-05-26T16:50:00Z""},""diff"":""goo"",""diffMin"":-3},{""station"":""Biggar"",""code"":""BIGG"",""estimated"":""2023-05-26T18:46:54Z"",""scheduled"":""2023-05-26T18:29:00Z"",""eta"":""ARR"",""arrival"":{""estimated"":""2023-05-26T18:46:54Z"",""scheduled"":""2023-05-26T18:29:00Z""},""departure"":{""estimated"":""2023-05-26T18:46:54Z"",""scheduled"":""2023-05-26T18:39:00Z""},""diff"":""bad"",""diffMin"":17},{""station"":""Unity"",""code"":""UNIT"",""estimated"":""2023-05-26T19:48:00Z"",""scheduled"":""2023-05-26T19:44:00Z"",""eta"":""ARR"",""arrival"":{""estimated"":""2023-05-26T19:48:00Z"",""scheduled"":""2023-05-26T19:44:00Z""},""departure"":{""estimated"":""2023-05-26T19:48:00Z"",""scheduled"":""2023-05-26T19:44:02Z""},""diff"":""goo"",""diffMin"":4},{""station"":""Wainwright"",""code"":""WAIN"",""estimated"":""2023-05-26T22:06:59Z"",""scheduled"":""2023-05-26T22:33:00Z"",""eta"":""ARR"",""arrival"":{""estimated"":""2023-05-26T22:06:59Z"",""scheduled"":""2023-05-26T22:33:00Z""},""departure"":{""estimated"":""2023-05-26T22:27:03Z"",""scheduled"":""2023-05-26T22:33:02Z""},""diff"":""goo"",""diffMin"":-26},{""station"":""Viking"",""code"":""VKNG"",""estimated"":""2023-05-26T23:58:44Z"",""scheduled"":""2023-05-26T23:26:00Z"",""eta"":""ARR"",""arrival"":{""estimated"":""2023-05-26T23:58:44Z"",""scheduled"":""2023-05-26T23:26:00Z""},""departure"":{""estimated"":""2023-05-26T23:58:44Z"",""scheduled"":""2023-05-26T23:26:02Z""},""diff"":""bad"",""diffMin"":32},{""station"":""Edmonton"",""code"":""EDMO"",""estimated"":""2023-05-27T02:46:12Z"",""scheduled"":""2023-05-27T02:50:00Z"",""eta"":""ARR"",""arrival"":{""estimated"":""2023-05-27T02:46:12Z"",""scheduled"":""2023-05-27T02:50:00Z""},""departure"":{""estimated"":""2023-05-27T02:46:12Z"",""scheduled"":""2023-05-27T06:01:00Z""},""diff"":""goo"",""diffMin"":-3},{""station"":""Evansburg"",""code"":""EVAN"",""estimated"":""2023-05-27T07:51:08Z"",""scheduled"":""2023-05-27T07:29:00Z"",""eta"":""ARR"",""arrival"":{""estimated"":""2023-05-27T07:51:08Z"",""scheduled"":""2023-05-27T07:29:00Z""},""departure"":{""estimated"":""2023-05-27T07:51:08Z"",""scheduled"":""2023-05-27T07:29:02Z""},""diff"":""bad"",""diffMin"":22},{""station"":""Edson"",""code"":""EDSN"",""estimated"":""2023-05-27T09:36:47Z"",""scheduled"":""2023-05-27T08:52:00Z"",""eta"":""ARR"",""arrival"":{""estimated"":""2023-05-27T09:36:47Z"",""scheduled"":""2023-05-27T08:52:00Z""},""departure"":{""estimated"":""2023-05-27T09:36:47Z"",""scheduled"":""2023-05-27T08:52:02Z""},""diff"":""bad"",""diffMin"":44},{""station"":""Hinton"",""code"":""HINT"",""estimated"":""2023-05-27T11:27:24Z"",""scheduled"":""2023-05-27T09:58:00Z"",""eta"":""ARR"",""arrival"":{""estimated"":""2023-05-27T11:27:24Z"",""scheduled"":""2023-05-27T09:58:00Z""},""departure"":{""estimated"":""2023-05-27T11:27:24Z"",""scheduled"":""2023-05-27T09:58:02Z""},""diff"":""bad"",""diffMin"":89},{""station"":""Jasper"",""code"":""JASP"",""estimated"":""2023-05-27T13:09:45Z"",""scheduled"":""2023-05-27T12:30:00Z"",""eta"":""29 mins"",""arrival"":{""estimated"":""2023-05-27T13:09:45Z"",""scheduled"":""2023-05-27T12:30:00Z""},""departure"":{""estimated"":""2023-05-27T16:09:45Z"",""scheduled"":""2023-05-27T15:30:00Z""},""diff"":""bad"",""diffMin"":39},{""station"":""Valemount"",""code"":""VLMT"",""estimated"":""2023-05-27T18:29:45Z"",""scheduled"":""2023-05-27T17:50:00Z"",""eta"":""5h49"",""arrival"":{""estimated"":""2023-05-27T18:29:45Z"",""scheduled"":""2023-05-27T17:50:00Z""},""departure"":{""estimated"":""2023-05-27T18:29:45Z"",""scheduled"":""2023-05-27T17:50:02Z""},""diff"":""bad"",""diffMin"":39},{""station"":""Blue River"",""code"":""BLUE"",""estimated"":""&mdash;"",""scheduled"":""2023-05-27T20:36:00Z"",""eta"":""&mdash;"",""arrival"":{""scheduled"":""2023-05-27T20:36:00Z""},""departure"":{""scheduled"":""2023-05-27T20:36:02Z""}},{""station"":""Clearwater"",""code"":""CLWT"",""estimated"":""&mdash;"",""scheduled"":""2023-05-27T22:45:00Z"",""eta"":""&mdash;"",""arrival"":{""scheduled"":""2023-05-27T22:45:00Z""},""departure"":{""scheduled"":""2023-05-27T22:45:02Z""}},{""station"":""Kamloops North"",""code"":""KAMN"",""estimated"":""&mdash;"",""scheduled"":""2023-05-28T01:28:00Z"",""eta"":""&mdash;"",""arrival"":{""scheduled"":""2023-05-28T01:28:00Z""},""departure"":{""scheduled"":""2023-05-28T02:03:02Z""}}]"
"692 (05-25)",52.0705,-102.6606,67,,"2023-05-27T12:38:35Z",true,false,"CHURCHILL","WINNIPEG","2023-05-25",1,"[{""station"":""Churchill"",""code"":""CHUR"",""estimated"":""2023-05-26T00:30:00Z"",""scheduled"":""2023-05-26T00:30:00Z"",""eta"":""ARR"",""departure"":{""estimated"":""2023-05-26T00:30:00Z"",""scheduled"":""2023-05-26T00:30:00Z""},""diff"":""goo"",""diffMin"":0},{""station"":""Tidal"",""code"":""TIDL"",""estimated"":""2023-05-26T00:55:58Z"",""scheduled"":""2023-05-26T00:52:00Z"",""eta"":""ARR"",""arrival"":{""estimated"":""2023-05-26T00:55:58Z"",""scheduled"":""2023-05-26T00:52:00Z""},""departure"":{""estimated"":""2023-05-26T00:55:58Z"",""scheduled"":""2023-05-26T00:52:02Z""},""diff"":""goo"",""diffMin"":3},{""station"":""Chesnaye"",""code"":""CHES"",""estimated"":""2023-05-26T02:22:10Z"",""scheduled"":""2023-05-26T02:23:00Z"",""eta"":""ARR"",""arrival"":{""estimated"":""2023-05-26T02:22:10Z"",""scheduled"":""2023-05-26T02:23:00Z""},""departure"":{""estimated"":""2023-05-26T02:23:02Z"",""scheduled"":""2023-05-26T02:23:02Z""},""diff"":""goo"",""diffMin"":0},{""station"":""M'Clintock"",""code"":""MCLI"",""estimated"":""2023-05-26T03:39:00Z"",""scheduled"":""2023-05-26T03:39:00Z"",""eta"":""ARR"",""arrival"":{""estimated"":""2023-05-26T03:39:00Z"",""scheduled"":""2023-05-26T03:39:00Z""},""departure"":{""estimated"":""2023-05-26T03:39:02Z"",""scheduled"":""2023-05-26T03:39:02Z""},""diff"":""goo"",""diffMin"":0},{""station"":""O'Day"",""code"":""ODAY"",""estimated"":""2023-05-26T04:24:00Z"",""scheduled"":""2023-05-26T04:24:00Z"",""eta"":""ARR"",""arrival"":{""estimated"":""2023-05-26T04:24:00Z"",""scheduled"":""2023-05-26T04:24:00Z""},""departure"":{""estimated"":""2023-05-26T04:24:02Z"",""scheduled"":""2023-05-26T04:24:02Z""},""diff"":""goo"",""diffMin"":0},{""station"":""Herchmer"",""code"":""HERC"",""estimated"":""2023-05-26T05:03:00Z"",""scheduled"":""2023-05-26T05:03:00Z"",""eta"":""ARR"",""arrival"":{""estimated"":""2023-05-26T05:03:00Z"",""scheduled"":""2023-05-26T05:03:00Z""},""departure"":{""estimated"":""2023-05-26T05:03:02Z"",""scheduled"":""2023-05-26T05:03:02Z""},""diff"":""goo"",""diffMin"":0},{""station"":""Thibaudeau"",""code"":""THIB"",""estimated"":""2023-05-26T06:29:00Z"",""scheduled"":""2023-05-26T06:29:00Z"",""eta"":""ARR"",""arrival"":{""estimated"":""2023-05-26T06:29:00Z"",""scheduled"":""2023-05-26T06:29:00Z""},""departure"":{""estimated"":""2023-05-26T06:29:02Z"",""scheduled"":""2023-05-26T06:29:02Z""},""diff"":""goo"",""diffMin"":0},{""station"":""Weir River"",""code"":""WEIR"",""estimated"":""2023-05-26T07:56:31Z"",""scheduled"":""2023-05-26T07:46:00Z"",""eta"":""ARR"",""arrival"":{""estimated"":""2023-05-26T07:56:31Z"",""scheduled"":""2023-05-26T07:46:00Z""},""departure"":{""estimated"":""2023-05-26T07:56:31Z"",""scheduled"":""2023-05-26T07:46:02Z""},""diff"":""med"",""diffMin"":10},{""station"":""Amery"",""code"":""AMRY"",""estimated"":""2023-05-26T08:32:13Z"",""scheduled"":""2023-05-26T08:37:00Z"",""eta"":""ARR"",""arrival"":{""estimated"":""2023-05-26T08:32:13Z"",""scheduled"":""2023-05-26T08:37:00Z""},""departure"":{""estimated"":""2023-05-26T08:30:45Z"",""scheduled"":""2023-05-26T08:37:02Z""},""diff"":""goo"",""diffMin"":-4},{""station"":""Bird"",""code"":""BIRD"",""estimated"":""2023-05-26T08:57:47Z"",""scheduled"":""2023-05-26T09:00:00Z"",""eta"":""ARR"",""arrival"":{""estimated"":""2023-05-26T08:57:47Z"",""scheduled"":""2023-05-26T09:00:00Z""},""departure"":{""estimated"":""2023-05-26T08:56:15Z"",""scheduled"":""2023-05-26T09:00:02Z""},""diff"":""goo"",""diffMin"":-2},{""station"":""Gillam"",""code"":""GILL"",""estimated"":""2023-05-26T09:44:04Z"",""scheduled"":""2023-05-26T10:00:00Z"",""eta"":""ARR"",""arrival"":{""estimated"":""2023-05-26T09:44:04Z"",""scheduled"":""2023-05-26T10:00:00Z""},""departure"":{""estimated"":""2023-05-26T10:28:45Z"",""scheduled"":""2023-05-26T10:30:00Z""},""diff"":""goo"",""diffMin"":-15},{""station"":""Wivenhoe"",""code"":""WVHO"",""estimated"":""2023-05-26T11:21:39Z"",""scheduled"":""2023-05-26T11:16:00Z"",""eta"":""ARR"",""arrival"":{""estimated"":""2023-05-26T11:21:39Z"",""scheduled"":""2023-05-26T11:16:00Z""},""departure"":{""estimated"":""2023-05-26T11:21:39Z"",""scheduled"":""2023-05-26T11:16:02Z""},""diff"":""med"",""diffMin"":5},{""station"":""Ilford"",""code"":""ILFO"",""estimated"":""2023-05-26T12:05:51Z"",""scheduled"":""2023-05-26T11:53:00Z"",""eta"":""ARR"",""arrival"":{""estimated"":""2023-05-26T12:05:51Z"",""scheduled"":""2023-05-26T11:53:00Z""},""departure"":{""estimated"":""2023-05-26T12:05:51Z"",""scheduled"":""2023-05-26T11:53:02Z""},""diff"":""med"",""diffMin"":12},{""station"":""Pit Siding"",""code"":""PITS"",""estimated"":""2023-05-26T13:18:13Z"",""scheduled"":""2023-05-26T12:54:00Z"",""eta"":""ARR"",""arrival"":{""estimated"":""2023-05-26T13:18:13Z"",""scheduled"":""2023-05-26T12:54:00Z""},""departure"":{""estimated"":""2023-05-26T13:18:13Z"",""scheduled"":""2023-05-26T12:54:02Z""},""diff"":""bad"",""diffMin"":24},{""station"":""Bridgar"",""code"":""BRGR"",""estimated"":""2023-05-26T14:40:13Z"",""scheduled"":""2023-05-26T14:16:00Z"",""eta"":""ARR"",""arrival"":{""estimated"":""2023-05-26T14:40:13Z"",""scheduled"":""2023-05-26T14:16:00Z""},""departure"":{""estimated"":""2023-05-26T14:40:13Z"",""scheduled"":""2023-05-26T14:16:02Z""},""diff"":""bad"",""diffMin"":24},{""station"":""Pikwitonei"",""code"":""PIKW"",""estimated"":""2023-05-26T14:51:13Z"",""scheduled"":""2023-05-26T14:27:00Z"",""eta"":""ARR"",""arrival"":{""estimated"":""2023-05-26T14:51:13Z"",""scheduled"":""2023-05-26T14:27:00Z""},""departure"":{""estimated"":""2023-05-26T14:51:13Z"",""scheduled"":""2023-05-26T14:27:02Z""},""diff"":""bad"",""diffMin"":24},{""station"":""Sipiwesk"",""code"":""SIPI"",""estimated"":""2023-05-26T15:18:13Z"",""scheduled"":""2023-05-26T14:54:00Z"",""eta"":""ARR"",""arrival"":{""estimated"":""2023-05-26T15:18:13Z"",""scheduled"":""2023-05-26T14:54:00Z""},""departure"":{""estimated"":""2023-05-26T15:18:13Z"",""scheduled"":""2023-05-26T14:54:02Z""},""diff"":""bad"",""diffMin"":24},{""station"":""Thompson"",""code"":""THOM"",""estimated"":""2023-05-26T21:14:49Z"",""scheduled"":""2023-05-26T16:30:00Z"",""eta"":""ARR"",""arrival"":{""estimated"":""2023-05-26T21:14:49Z"",""scheduled"":""2023-05-26T16:30:00Z""},""departure"":{""estimated"":""2023-05-26T21:14:49Z"",""scheduled"":""2023-05-26T19:00:00Z""},""diff"":""bad"",""diffMin"":284},{""station"":""Leven"",""code"":""LEVN"",""estimated"":""2023-05-27T01:49:49Z"",""scheduled"":""2023-05-26T21:05:00Z"",""eta"":""ARR"",""arrival"":{""estimated"":""2023-05-27T01:49:49Z"",""scheduled"":""2023-05-26T21:05:00Z""},""departure"":{""estimated"":""2023-05-27T01:49:49Z"",""scheduled"":""2023-05-26T21:05:02Z""},""diff"":""bad"",""diffMin"":284},{""station"":""Thicket Portage"",""code"":""THKP"",""estimated"":""2023-05-26T21:17:35Z"",""scheduled"":""2023-05-26T21:22:00Z"",""eta"":""ARR"",""arrival"":{""estimated"":""2023-05-26T21:17:35Z"",""scheduled"":""2023-05-26T21:22:00Z""},""departure"":{""estimated"":""2023-05-26T21:24:30Z"",""scheduled"":""2023-05-26T21:22:02Z""},""diff"":""goo"",""diffMin"":-4},{""station"":""Hockin"",""code"":""HOCK"",""estimated"":""2023-05-26T21:41:13Z"",""scheduled"":""2023-05-26T21:37:00Z"",""eta"":""ARR"",""arrival"":{""estimated"":""2023-05-26T21:41:13Z"",""scheduled"":""2023-05-26T21:37:00Z""},""departure"":{""estimated"":""2023-05-26T21:41:13Z"",""scheduled"":""2023-05-26T21:37:02Z""},""diff"":""goo"",""diffMin"":4},{""station"":""Odhill"",""code"":""ODHI"",""estimated"":""2023-05-26T22:33:14Z"",""scheduled"":""2023-05-26T22:21:00Z"",""eta"":""ARR"",""arrival"":{""estimated"":""2023-05-26T22:33:14Z"",""scheduled"":""2023-05-26T22:21:00Z""},""departure"":{""estimated"":""2023-05-26T22:33:14Z"",""scheduled"":""2023-05-26T22:21:02Z""},""diff"":""med"",""diffMin"":12},{""station"":""Lyddal"",""code"":""LYDD"",""estimated"":""2023-05-26T22:55:51Z"",""scheduled"":""2023-05-26T22:43:00Z"",""eta"":""ARR"",""arrival"":{""estimated"":""2023-05-26T22:55:51Z"",""scheduled"":""2023-05-26T22:43:00Z""},""departure"":{""estimated"":""2023-05-26T22:55:51Z"",""scheduled"":""2023-05-26T22:43:02Z""},""diff"":""med"",""diffMin"":12},{""station"":""Wabowden"",""code"":""WBDN"",""estimated"":""2023-05-26T23:24:26Z"",""scheduled"":""2023-05-26T23:11:00Z"",""eta"":""ARR"",""arrival"":{""estimated"":""2023-05-26T23:24:26Z"",""scheduled"":""2023-05-26T23:11:00Z""},""departure"":{""estimated"":""2023-05-26T23:24:26Z"",""scheduled"":""2023-05-26T23:11:02Z""},""diff"":""med"",""diffMin"":13},{""station"":""Pipun"",""code"":""PIPN"",""estimated"":""2023-05-26T23:52:54Z"",""scheduled"":""2023-05-26T23:34:00Z"",""eta"":""ARR"",""arrival"":{""estimated"":""2023-05-26T23:52:54Z"",""scheduled"":""2023-05-26T23:34:00Z""},""departure"":{""estimated"":""2023-05-26T23:52:54Z"",""scheduled"":""2023-05-26T23:34:02Z""},""diff"":""bad"",""diffMin"":18},{""station"":""Ponton"",""code"":""PNTN"",""estimated"":""2023-05-27T00:38:36Z"",""scheduled"":""2023-05-27T00:17:00Z"",""eta"":""ARR"",""arrival"":{""estimated"":""2023-05-27T00:38:36Z"",""scheduled"":""2023-05-27T00:17:00Z""},""departure"":{""estimated"":""2023-05-27T00:38:36Z"",""scheduled"":""2023-05-27T00:17:02Z""},""diff"":""bad"",""diffMin"":21},{""station"":""Turnbull"",""code"":""TURN"",""estimated"":""2023-05-27T01:09:29Z"",""scheduled"":""2023-05-27T00:49:00Z"",""eta"":""ARR"",""arrival"":{""estimated"":""2023-05-27T01:09:29Z"",""scheduled"":""2023-05-27T00:49:00Z""},""departure"":{""estimated"":""2023-05-27T01:09:29Z"",""scheduled"":""2023-05-27T00:49:02Z""},""diff"":""bad"",""diffMin"":20},{""station"":""Wekusko"",""code"":""WEKU"",""estimated"":""2023-05-27T01:34:04Z"",""scheduled"":""2023-05-27T01:16:00Z"",""eta"":""ARR"",""arrival"":{""estimated"":""2023-05-27T01:34:04Z"",""scheduled"":""2023-05-27T01:16:00Z""},""departure"":{""estimated"":""2023-05-27T01:34:04Z"",""scheduled"":""2023-05-27T01:16:02Z""},""diff"":""bad"",""diffMin"":18},{""station"":""Dyce"",""code"":""DYCE"",""estimated"":""2023-05-27T02:22:10Z"",""scheduled"":""2023-05-27T02:00:00Z"",""eta"":""ARR"",""arrival"":{""estimated"":""2023-05-27T02:22:10Z"",""scheduled"":""2023-05-27T02:00:00Z""},""departure"":{""estimated"":""2023-05-27T02:22:10Z"",""scheduled"":""2023-05-27T02:00:02Z""},""diff"":""bad"",""diffMin"":22},{""station"":""Dering"",""code"":""DERI"",""estimated"":""2023-05-27T03:01:10Z"",""scheduled"":""2023-05-27T02:39:00Z"",""eta"":""ARR"",""arrival"":{""estimated"":""2023-05-27T03:01:10Z"",""scheduled"":""2023-05-27T02:39:00Z""},""departure"":{""estimated"":""2023-05-27T03:01:10Z"",""scheduled"":""2023-05-27T02:39:02Z""},""diff"":""bad"",""diffMin"":22},{""station"":""Cormorant"",""code"":""CORM"",""estimated"":""2023-05-27T03:09:10Z"",""scheduled"":""2023-05-27T02:47:00Z"",""eta"":""ARR"",""arrival"":{""estimated"":""2023-05-27T03:09:10Z"",""scheduled"":""2023-05-27T02:47:00Z""},""departure"":{""estimated"":""2023-05-27T03:09:10Z"",""scheduled"":""2023-05-27T02:47:02Z""},""diff"":""bad"",""diffMin"":22},{""station"":""Halcrow"",""code"":""HALC"",""estimated"":""2023-05-27T03:20:10Z"",""scheduled"":""2023-05-27T02:58:00Z"",""eta"":""ARR"",""arrival"":{""estimated"":""2023-05-27T03:20:10Z"",""scheduled"":""2023-05-27T02:58:00Z""},""departure"":{""estimated"":""2023-05-27T03:20:10Z"",""scheduled"":""2023-05-27T02:58:02Z""},""diff"":""bad"",""diffMin"":22},{""station"":""Orok"",""code"":""OROK"",""estimated"":""2023-05-27T04:05:00Z"",""scheduled"":""2023-05-27T03:52:00Z"",""eta"":""ARR"",""arrival"":{""estimated"":""2023-05-27T04:05:00Z"",""scheduled"":""2023-05-27T03:52:00Z""},""departure"":{""estimated"":""2023-05-27T04:05:00Z"",""scheduled"":""2023-05-27T03:52:02Z""},""diff"":""med"",""diffMin"":13},{""station"":""The Pas"",""code"":""TPAS"",""estimated"":""2023-05-27T04:39:21Z"",""scheduled"":""2023-05-27T04:30:00Z"",""eta"":""ARR"",""arrival"":{""estimated"":""2023-05-27T04:39:21Z"",""scheduled"":""2023-05-27T04:30:00Z""},""departure"":{""estimated"":""2023-05-27T04:39:21Z"",""scheduled"":""2023-05-27T08:15:00Z""},""diff"":""med"",""diffMin"":9},{""station"":""Hudson Bay"",""code"":""HBAY"",""estimated"":""2023-05-27T10:53:18Z"",""scheduled"":""2023-05-27T10:27:00Z"",""eta"":""ARR"",""arrival"":{""estimated"":""2023-05-27T10:53:18Z"",""scheduled"":""2023-05-27T10:27:00Z""},""departure"":{""estimated"":""2023-05-27T10:53:18Z"",""scheduled"":""2023-05-27T10:27:02Z""},""diff"":""bad"",""diffMin"":26},{""station"":""Reserve"",""code"":""RSRV"",""estimated"":""2023-05-27T11:44:01Z"",""scheduled"":""2023-05-27T11:09:00Z"",""eta"":""ARR"",""arrival"":{""estimated"":""2023-05-27T11:44:01Z"",""scheduled"":""2023-05-27T11:09:00Z""},""departure"":{""estimated"":""2023-05-27T11:44:01Z"",""scheduled"":""2023-05-27T11:09:02Z""},""diff"":""bad"",""diffMin"":35},{""station"":""Endeavour"",""code"":""ENDV"",""estimated"":""2023-05-27T12:29:38Z"",""scheduled"":""2023-05-27T11:55:00Z"",""eta"":""ARR"",""arrival"":{""estimated"":""2023-05-27T12:29:38Z"",""scheduled"":""2023-05-27T11:55:00Z""},""departure"":{""estimated"":""2023-05-27T12:29:38Z"",""scheduled"":""2023-05-27T11:55:02Z""},""diff"":""bad"",""diffMin"":34},{""station"":""Sturgis"",""code"":""STGS"",""estimated"":""2023-05-27T12:57:40Z"",""scheduled"":""2023-05-27T12:24:00Z"",""eta"":""17 mins"",""arrival"":{""estimated"":""2023-05-27T12:57:40Z"",""scheduled"":""2023-05-27T12:24:00Z""},""departure"":{""estimated"":""2023-05-27T12:57:40Z"",""scheduled"":""2023-05-27T12:24:02Z""},""diff"":""bad"",""diffMin"":33},{""station"":""Canora"",""code"":""CANO"",""estimated"":""2023-05-27T13:41:40Z"",""scheduled"":""2023-05-27T13:08:00Z"",""eta"":""1h01"",""arrival"":{""estimated"":""2023-05-27T13:41:40Z"",""scheduled"":""2023-05-27T13:08:00Z""},""departure"":{""estimated"":""2023-05-27T13:41:40Z"",""scheduled"":""2023-05-27T13:18:00Z""},""diff"":""bad"",""diffMin"":33},{""station"":""Mikado"",""code"":""MIKA"",""estimated"":""2023-05-27T14:03:40Z"",""scheduled"":""2023-05-27T13:30:00Z"",""eta"":""1h23"",""arrival"":{""estimated"":""2023-05-27T14:03:40Z"",""scheduled"":""2023-05-27T13:30:00Z""},""departure"":{""estimated"":""2023-05-27T14:03:40Z"",""scheduled"":""2023-05-27T13:30:02Z""},""diff"":""bad"",""diffMin"":33},{""station"":""Veregin"",""code"":""VERE"",""estimated"":""2023-05-27T14:16:40Z"",""scheduled"":""2023-05-27T13:43:00Z"",""eta"":""1h36"",""arrival"":{""estimated"":""2023-05-27T14:16:40Z"",""scheduled"":""2023-05-27T13:43:00Z""},""departure"":{""estimated"":""2023-05-27T14:16:40Z"",""scheduled"":""2023-05-27T13:43:02Z""},""diff"":""bad"",""diffMin"":33},{""station"":""Kamsack"",""code"":""KAMS"",""estimated"":""2023-05-27T14:31:40Z"",""scheduled"":""2023-05-27T13:58:00Z"",""eta"":""1h51"",""arrival"":{""estimated"":""2023-05-27T14:31:40Z"",""scheduled"":""2023-05-27T13:58:00Z""},""departure"":{""estimated"":""2023-05-27T14:31:40Z"",""scheduled"":""2023-05-27T13:58:02Z""},""diff"":""bad"",""diffMin"":33},{""station"":""Togo"",""code"":""TOGO"",""estimated"":""2023-05-27T15:10:40Z"",""scheduled"":""2023-05-27T14:37:00Z"",""eta"":""2h30"",""arrival"":{""estimated"":""2023-05-27T15:10:40Z"",""scheduled"":""2023-05-27T14:37:00Z""},""departure"":{""estimated"":""2023-05-27T15:10:40Z"",""scheduled"":""2023-05-27T14:37:02Z""},""diff"":""bad"",""diffMin"":33},{""station"":""Roblin"",""code"":""RBLN"",""estimated"":""2023-05-27T15:47:40Z"",""scheduled"":""2023-05-27T15:14:00Z"",""eta"":""3h07"",""arrival"":{""estimated"":""2023-05-27T15:47:40Z"",""scheduled"":""2023-05-27T15:14:00Z""},""departure"":{""estimated"":""2023-05-27T15:47:40Z"",""scheduled"":""2023-05-27T15:14:02Z""},""diff"":""bad"",""diffMin"":33},{""station"":""Grandview"",""code"":""GVIE"",""estimated"":""2023-05-27T16:45:40Z"",""scheduled"":""2023-05-27T16:12:00Z"",""eta"":""4h05"",""arrival"":{""estimated"":""2023-05-27T16:45:40Z"",""scheduled"":""2023-05-27T16:12:00Z""},""departure"":{""estimated"":""2023-05-27T16:45:40Z"",""scheduled"":""2023-05-27T16:12:02Z""},""diff"":""bad"",""diffMin"":33},{""station"":""Gilbert Plains"",""code"":""GLBP"",""estimated"":""2023-05-27T17:05:40Z"",""scheduled"":""2023-05-27T16:32:00Z"",""eta"":""4h25"",""arrival"":{""estimated"":""2023-05-27T17:05:40Z"",""scheduled"":""2023-05-27T16:32:00Z""},""departure"":{""estimated"":""2023-05-27T17:05:40Z"",""scheduled"":""2023-05-27T16:32:02Z""},""diff"":""bad"",""diffMin"":33},{""station"":""Dauphin"",""code"":""DAUP"",""estimated"":""2023-05-27T17:29:40Z"",""scheduled"":""2023-05-27T16:56:00Z"",""eta"":""4h49"",""arrival"":{""estimated"":""2023-05-27T17:29:40Z"",""scheduled"":""2023-05-27T16:56:00Z""},""departure"":{""estimated"":""2023-05-27T17:29:40Z"",""scheduled"":""2023-05-27T17:06:00Z""},""diff"":""bad"",""diffMin"":33},{""station"":""Ochre River"",""code"":""OCHR"",""estimated"":""2023-05-27T17:53:40Z"",""scheduled"":""2023-05-27T17:20:00Z"",""eta"":""5h13"",""arrival"":{""estimated"":""2023-05-27T17:53:40Z"",""scheduled"":""2023-05-27T17:20:00Z""},""departure"":{""estimated"":""2023-05-27T17:53:40Z"",""scheduled"":""2023-05-27T17:20:02Z""},""diff"":""bad"",""diffMin"":33},{""station"":""Laurier"",""code"":""LRIE"",""estimated"":""2023-05-27T18:11:40Z"",""scheduled"":""2023-05-27T17:38:00Z"",""eta"":""5h31"",""arrival"":{""estimated"":""2023-05-27T18:11:40Z"",""scheduled"":""2023-05-27T17:38:00Z""},""departure"":{""estimated"":""2023-05-27T18:11:40Z"",""scheduled"":""2023-05-27T17:38:02Z""},""diff"":""bad"",""diffMin"":33},{""station"":""Mccreary"",""code"":""MCCR"",""estimated"":""2023-05-27T18:27:40Z"",""scheduled"":""2023-05-27T17:54:00Z"",""eta"":""5h47"",""arrival"":{""estimated"":""2023-05-27T18:27:40Z"",""scheduled"":""2023-05-27T17:54:00Z""},""departure"":{""estimated"":""2023-05-27T18:27:40Z"",""scheduled"":""2023-05-27T17:54:02Z""},""diff"":""bad"",""diffMin"":33},{""station"":""Glenella"",""code"":""GLNA"",""estimated"":""2023-05-27T19:07:40Z"",""scheduled"":""2023-05-27T18:34:00Z"",""eta"":""6h27"",""arrival"":{""estimated"":""2023-05-27T19:07:40Z"",""scheduled"":""2023-05-27T18:34:00Z""},""departure"":{""estimated"":""2023-05-27T19:07:40Z"",""scheduled"":""2023-05-27T18:34:02Z""},""diff"":""bad"",""diffMin"":33},{""station"":""Plumas"",""code"":""PLUM"",""estimated"":""2023-05-27T19:39:40Z"",""scheduled"":""2023-05-27T19:06:00Z"",""eta"":""6h59"",""arrival"":{""estimated"":""2023-05-27T19:39:40Z"",""scheduled"":""2023-05-27T19:06:00Z""},""departure"":{""estimated"":""2023-05-27T19:39:40Z"",""scheduled"":""2023-05-27T19:06:02Z""},""diff"":""bad"",""diffMin"":33},{""station"":""Gladstone"",""code"":""GSTO"",""estimated"":""2023-05-27T20:24:40Z"",""scheduled"":""2023-05-27T19:51:00Z"",""eta"":""7h44"",""arrival"":{""estimated"":""2023-05-27T20:24:40Z"",""scheduled"":""2023-05-27T19:51:00Z""},""departure"":{""estimated"":""2023-05-27T20:24:40Z"",""scheduled"":""2023-05-27T19:51:02Z""},""diff"":""bad"",""diffMin"":33},{""station"":""Portage La Prairie"",""code"":""PLPX"",""estimated"":""2023-05-27T21:10:40Z"",""scheduled"":""2023-05-27T20:37:00Z"",""eta"":""8h30"",""arrival"":{""estimated"":""2023-05-27T21:10:40Z"",""scheduled"":""2023-05-27T20:37:00Z""},""departure"":{""estimated"":""2023-05-27T21:10:40Z"",""scheduled"":""2023-05-27T20:37:22Z""},""diff"":""bad"",""diffMin"":33},{""station"":""Winnipeg"",""code"":""WNPG"",""estimated"":""2023-05-27T22:18:40Z"",""scheduled"":""2023-05-27T21:45:00Z"",""eta"":""9h38"",""arrival"":{""estimated"":""2023-05-27T22:18:40Z"",""scheduled"":""2023-05-27T21:45:00Z""},""diff"":""bad"",""diffMin"":33}]"
"2 (05-26)",51.3394,-120.1553,67,,"2023-05-27T12:38:26Z",true,false,"VANCOUVER","TORONTO","2023-05-26",1,"[{""station"":""Vancouver"",""code"":""VCVR"",""estimated"":""2023-05-26T22:04:36Z"",""scheduled"":""2023-05-26T22:00:00Z"",""eta"":""ARR"",""departure"":{""estimated"":""2023-05-26T22:04:36Z"",""scheduled"":""2023-05-26T22:00:00Z""},""diff"":""goo"",""diffMin"":4},{""station"":""Mission Harbour"",""code"":""MSNH"",""estimated"":""2023-05-27T00:43:56Z"",""scheduled"":""2023-05-26T23:35:00Z"",""eta"":""ARR"",""arrival"":{""estimated"":""2023-05-27T00:43:56Z"",""scheduled"":""2023-05-26T23:35:00Z""},""departure"":{""estimated"":""2023-05-27T00:43:56Z"",""scheduled"":""2023-05-26T23:35:02Z""},""diff"":""bad"",""diffMin"":68},{""station"":""Agassiz"",""code"":""AGAS"",""estimated"":""2023-05-27T01:34:39Z"",""scheduled"":""2023-05-27T00:03:00Z"",""eta"":""ARR"",""arrival"":{""estimated"":""2023-05-27T01:34:39Z"",""scheduled"":""2023-05-27T00:03:00Z""},""departure"":{""estimated"":""2023-05-27T01:34:39Z"",""scheduled"":""2023-05-27T00:03:02Z""},""diff"":""bad"",""diffMin"":91},{""station"":""Katz"",""code"":""KATZ"",""estimated"":""2023-05-27T02:17:20Z"",""scheduled"":""2023-05-27T00:17:00Z"",""eta"":""ARR"",""arrival"":{""estimated"":""2023-05-27T02:17:20Z"",""scheduled"":""2023-05-27T00:17:00Z""},""departure"":{""estimated"":""2023-05-27T02:17:20Z"",""scheduled"":""2023-05-27T00:17:02Z""},""diff"":""bad"",""diffMin"":120},{""station"":""North Bend"",""code"":""NBND"",""estimated"":""2023-05-27T04:25:32Z"",""scheduled"":""2023-05-27T02:46:00Z"",""eta"":""ARR"",""arrival"":{""estimated"":""2023-05-27T04:25:32Z"",""scheduled"":""2023-05-27T02:46:00Z""},""departure"":{""estimated"":""2023-05-27T04:25:32Z"",""scheduled"":""2023-05-27T02:46:02Z""},""diff"":""bad"",""diffMin"":99},{""station"":""Ashcroft"",""code"":""ASHN"",""estimated"":""2023-05-27T06:45:57Z"",""scheduled"":""2023-05-27T05:32:00Z"",""eta"":""ARR"",""arrival"":{""estimated"":""2023-05-27T06:45:57Z"",""scheduled"":""2023-05-27T05:32:00Z""},""departure"":{""estimated"":""2023-05-27T06:45:57Z"",""scheduled"":""2023-05-27T05:32:02Z""},""diff"":""bad"",""diffMin"":73},{""station"":""Kamloops North"",""code"":""KAMN"",""estimated"":""2023-05-27T09:35:26Z"",""scheduled"":""2023-05-27T07:17:00Z"",""eta"":""ARR"",""arrival"":{""estimated"":""2023-05-27T09:35:26Z"",""scheduled"":""2023-05-27T07:17:00Z""},""departure"":{""estimated"":""2023-05-27T09:35:26Z"",""scheduled"":""2023-05-27T07:52:00Z""},""diff"":""bad"",""diffMin"":138},{""station"":""Clearwater"",""code"":""CLWT"",""estimated"":""2023-05-27T13:25:29Z"",""scheduled"":""2023-05-27T09:58:00Z"",""eta"":""45 mins"",""arrival"":{""estimated"":""2023-05-27T13:25:29Z"",""scheduled"":""2023-05-27T09:58:00Z""},""departure"":{""estimated"":""2023-05-27T13:25:29Z"",""scheduled"":""2023-05-27T09:58:02Z""},""diff"":""bad"",""diffMin"":207},{""station"":""Blue River"",""code"":""BLUE"",""estimated"":""2023-05-27T15:38:29Z"",""scheduled"":""2023-05-27T12:11:00Z"",""eta"":""2h58"",""arrival"":{""estimated"":""2023-05-27T15:38:29Z"",""scheduled"":""2023-05-27T12:11:00Z""},""departure"":{""estimated"":""2023-05-27T15:38:29Z"",""scheduled"":""2023-05-27T12:11:02Z""},""diff"":""bad"",""diffMin"":207},{""station"":""Valemount"",""code"":""VLMT"",""estimated"":""&mdash;"",""scheduled"":""2023-05-27T14:01:00Z"",""eta"":""&mdash;"",""arrival"":{""scheduled"":""2023-05-27T14:01:00Z""},""departure"":{""scheduled"":""2023-05-27T14:01:02Z""}},{""station"":""Jasper"",""code"":""JASP"",""estimated"":""&mdash;"",""scheduled"":""2023-05-27T17:00:00Z"",""eta"":""&mdash;"",""arrival"":{""scheduled"":""2023-05-27T17:00:00Z""},""departure"":{""scheduled"":""2023-05-27T18:30:00Z""}},{""station"":""Hinton"",""code"":""HINT"",""estimated"":""&mdash;"",""scheduled"":""2023-05-27T19:45:00Z"",""eta"":""&mdash;"",""arrival"":{""scheduled"":""2023-05-27T19:45:00Z""},""departure"":{""scheduled"":""2023-05-27T19:45:02Z""}},{""station"":""Edson"",""code"":""EDSN"",""estimated"":""&mdash;"",""scheduled"":""2023-05-27T21:19:00Z"",""eta"":""&mdash;"",""arrival"":{""scheduled"":""2023-05-27T21:19:00Z""},""departure"":{""scheduled"":""2023-05-27T21:19:02Z""}},{""station"":""Evansburg"",""code"":""EVAN"",""estimated"":""&mdash;"",""scheduled"":""2023-05-27T22:28:00Z"",""eta"":""&mdash;"",""arrival"":{""scheduled"":""2023-05-27T22:28:00Z""},""departure"":{""scheduled"":""2023-05-27T22:28:02Z""}},{""station"":""Edmonton"",""code"":""EDMO"",""estimated"":""&mdash;"",""scheduled"":""2023-05-28T00:50:00Z"",""eta"":""&mdash;"",""arrival"":{""scheduled"":""2023-05-28T00:50:00Z""},""departure"":{""scheduled"":""2023-05-28T01:50:00Z""}}]"
"692 (05-27)",,,,,,false,false,"CHURCHILL","WINNIPEG","2023-05-27",,"[{""station"":""Churchill"",""code"":""CHUR"",""estimated"":""&mdash;"",""scheduled"":""2023-05-28T00:30:00Z"",""eta"":""&mdash;"",""departure"":{""estimated"":null,""scheduled"":""2023-05-28T00:30:00Z""}},{""station"":""Tidal"",""code"":""TIDL"",""estimated"":""&mdash;"",""scheduled"":""2023-05-28T00:52:00Z"",""eta"":""&mdash;"",""arrival"":{""estimated"":null,""scheduled"":""2023-05-28T00:52:00Z""},""departure"":{""estimated"":null,""scheduled"":""2023-05-28T00:52:02Z""}},{""station"":""Chesnaye"",""code"":""CHES"",""estimated"":""&mdash;"",""scheduled"":""2023-05-28T02:23:00Z"",""eta"":""&mdash;"",""arrival"":{""estimated"":null,""scheduled"":""2023-05-28T02:23:00Z""},""departure"":{""estimated"":null,""scheduled"":""2023-05-28T02:23:02Z""}}]"
"691",,,,,,true,false,"THE PAS","CHURCHILL","2023-05-26",,"[{""station"":""The Pas"",""code"":""TPAS"",""estimated"":""2023-05-26T07:30:00Z"",""scheduled"":""2023-05-26T07:30:00Z"",""eta"":""ARR"",""departure"":{""estimated"":""2023-05-26T07:30:00Z"",""scheduled"":""2023-05-26T07:30:00Z""},""diff"":""goo"",""diffMin"":0},{""station"":""Orok"",""code"":""OROK"",""estimated"":""2023-05-26T08:06:17Z"",""scheduled"":""2023-05-26T08:07:00Z"",""eta"":""ARR"",""arrival"":{""estimated"":""2023-05-26T08:06:17Z"",""scheduled"":""2023-05-26T08:07:00Z""},""departure"":{""estimated"":""2023-05-26T08:04:44Z"",""scheduled"":""2023-05-26T08:07:02Z""},""diff"":""goo"",""diffMin"":0},{""station"":""Halcrow"",""code"":""HALC"",""estimated"":""2023-05-26T08:56:53Z"",""scheduled"":""2023-05-26T09:01:00Z"",""eta"":""ARR"",""arrival"":{""estimated"":""2023-05-26T08:56:53Z"",""scheduled"":""2023-05-26T09:01:00Z""},""departure"":{""estimated"":""2023-05-26T09:01:02Z"",""scheduled"":""2023-05-26T09:01:02Z""},""diff"":""goo"",""diffMin"":-4},{""station"":""Cormorant"",""code"":""CORM"",""estimated"":""2023-05-26T09:03:28Z"",""scheduled"":""2023-05-26T09:12:00Z"",""eta"":""ARR"",""arrival"":{""estimated"":""2023-05-26T09:03:28Z"",""scheduled"":""2023-05-26T09:12:00Z""},""departure"":{""estimated"":""2023-05-26T09:12:02Z"",""scheduled"":""2023-05-26T09:12:02Z""},""diff"":""goo"",""diffMin"":-8},{""station"":""Dering"",""code"":""DERI"",""estimated"":""2023-05-26T09:11:28Z"",""scheduled"":""2023-05-26T09:20:00Z"",""eta"":""ARR"",""arrival"":{""estimated"":""2023-05-26T09:11:28Z"",""scheduled"":""2023-05-26T09:20:00Z""},""departure"":{""estimated"":""2023-05-26T09:20:02Z"",""scheduled"":""2023-05-26T09:20:02Z""},""diff"":""goo"",""diffMin"":-8},{""station"":""Dyce"",""code"":""DYCE"",""estimated"":""2023-05-26T09:59:00Z"",""scheduled"":""2023-05-26T09:59:00Z"",""eta"":""ARR"",""arrival"":{""estimated"":""2023-05-26T09:59:00Z"",""scheduled"":""2023-05-26T09:59:00Z""},""departure"":{""estimated"":""2023-05-26T09:59:02Z"",""scheduled"":""2023-05-26T09:59:02Z""},""diff"":""goo"",""diffMin"":0},{""station"":""Wekusko"",""code"":""WEKU"",""estimated"":""2023-05-26T10:33:02Z"",""scheduled"":""2023-05-26T10:43:00Z"",""eta"":""ARR"",""arrival"":{""estimated"":""2023-05-26T10:33:02Z"",""scheduled"":""2023-05-26T10:43:00Z""},""departure"":{""estimated"":""2023-05-26T10:28:47Z"",""scheduled"":""2023-05-26T10:43:02Z""},""diff"":""goo"",""diffMin"":-9},{""station"":""Turnbull"",""code"":""TURN"",""estimated"":""2023-05-26T10:52:56Z"",""scheduled"":""2023-05-26T11:10:00Z"",""eta"":""ARR"",""arrival"":{""estimated"":""2023-05-26T10:52:56Z"",""scheduled"":""2023-05-26T11:10:00Z""},""departure"":{""estimated"":""2023-05-26T10:51:57Z"",""scheduled"":""2023-05-26T11:10:02Z""},""diff"":""goo"",""diffMin"":-17},{""station"":""Ponton"",""code"":""PNTN"",""estimated"":""2023-05-26T11:23:04Z"",""scheduled"":""2023-05-26T11:42:00Z"",""eta"":""ARR"",""arrival"":{""estimated"":""2023-05-26T11:23:04Z"",""scheduled"":""2023-05-26T11:42:00Z""},""departure"":{""estimated"":""2023-05-26T11:21:47Z"",""scheduled"":""2023-05-26T11:42:02Z""},""diff"":""goo"",""diffMin"":-18},{""station"":""Pipun"",""code"":""PIPN"",""estimated"":""2023-05-26T12:12:25Z"",""scheduled"":""2023-05-26T12:25:00Z"",""eta"":""ARR"",""arrival"":{""estimated"":""2023-05-26T12:12:25Z"",""scheduled"":""2023-05-26T12:25:00Z""},""departure"":{""estimated"":""2023-05-26T12:11:27Z"",""scheduled"":""2023-05-26T12:25:02Z""},""diff"":""goo"",""diffMin"":-12},{""station"":""Wabowden"",""code"":""WBDN"",""estimated"":""2023-05-26T12:27:06Z"",""scheduled"":""2023-05-26T12:48:00Z"",""eta"":""ARR"",""arrival"":{""estimated"":""2023-05-26T12:27:06Z"",""scheduled"":""2023-05-26T12:48:00Z""},""departure"":{""estimated"":""2023-05-26T12:38:27Z"",""scheduled"":""2023-05-26T12:48:02Z""},""diff"":""goo"",""diffMin"":-20},{""station"":""Lyddal"",""code"":""LYDD"",""estimated"":""2023-05-26T13:07:51Z"",""scheduled"":""2023-05-26T13:16:00Z"",""eta"":""ARR"",""arrival"":{""estimated"":""2023-05-26T13:07:51Z"",""scheduled"":""2023-05-26T13:16:00Z""},""departure"":{""estimated"":""2023-05-26T13:06:17Z"",""scheduled"":""2023-05-26T13:16:02Z""},""diff"":""goo"",""diffMin"":-8},{""station"":""Odhill"",""code"":""ODHI"",""estimated"":""2023-05-26T13:29:56Z"",""scheduled"":""2023-05-26T13:38:00Z"",""eta"":""ARR"",""arrival"":{""estimated"":""2023-05-26T13:29:56Z"",""scheduled"":""2023-05-26T13:38:00Z""},""departure"":{""estimated"":""2023-05-26T13:38:02Z"",""scheduled"":""2023-05-26T13:38:02Z""},""diff"":""goo"",""diffMin"":-8},{""station"":""Hockin"",""code"":""HOCK"",""estimated"":""2023-05-26T14:15:54Z"",""scheduled"":""2023-05-26T14:22:00Z"",""eta"":""ARR"",""arrival"":{""estimated"":""2023-05-26T14:15:54Z"",""scheduled"":""2023-05-26T14:22:00Z""},""departure"":{""estimated"":""2023-05-26T14:22:02Z"",""scheduled"":""2023-05-26T14:22:02Z""},""diff"":""goo"",""diffMin"":-6},{""station"":""Thicket Portage"",""code"":""THKP"",""estimated"":""2023-05-26T14:37:00Z"",""scheduled"":""2023-05-26T14:37:00Z"",""eta"":""ARR"",""arrival"":{""estimated"":""2023-05-26T14:37:00Z"",""scheduled"":""2023-05-26T14:37:00Z""},""departure"":{""estimated"":""2023-05-26T14:37:02Z"",""scheduled"":""2023-05-26T14:37:02Z""},""diff"":""goo"",""diffMin"":0},{""station"":""Leven"",""code"":""LEVN"",""estimated"":""2023-05-26T14:54:00Z"",""scheduled"":""2023-05-26T14:54:00Z"",""eta"":""ARR"",""arrival"":{""estimated"":""2023-05-26T14:54:00Z"",""scheduled"":""2023-05-26T14:54:00Z""},""departure"":{""estimated"":""2023-05-26T14:54:02Z"",""scheduled"":""2023-05-26T14:54:02Z""},""diff"":""goo"",""diffMin"":0},{""station"":""Thompson"",""code"":""THOM"",""estimated"":""2023-05-26T18:38:47Z"",""scheduled"":""2023-05-26T17:00:00Z"",""eta"":""ARR"",""arrival"":{""estimated"":""2023-05-26T18:38:47Z"",""scheduled"":""2023-05-26T17:00:00Z""},""departure"":{""estimated"":""2023-05-26T22:00:00Z"",""scheduled"":""2023-05-26T22:00:00Z""},""diff"":""bad"",""diffMin"":98},{""station"":""Sipiwesk"",""code"":""SIPI"",""estimated"":""2023-05-26T23:30:04Z"",""scheduled"":""2023-05-26T23:35:00Z"",""eta"":""ARR"",""arrival"":{""estimated"":""2023-05-26T23:30:04Z"",""scheduled"":""2023-05-26T23:35:00Z""},""departure"":{""estimated"":""2023-05-26T23:35:02Z"",""scheduled"":""2023-05-26T23:35:02Z""},""diff"":""goo"",""diffMin"":-4},{""station"":""Pikwitonei"",""code"":""PIKW"",""estimated"":""2023-05-27T00:02:00Z"",""scheduled"":""2023-05-27T00:02:00Z"",""eta"":""ARR"",""arrival"":{""estimated"":""2023-05-27T00:02:00Z"",""scheduled"":""2023-05-27T00:02:00Z""},""departure"":{""estimated"":""2023-05-27T00:02:02Z"",""scheduled"":""2023-05-27T00:02:02Z""},""diff"":""goo"",""diffMin"":0},{""station"":""Bridgar"",""code"":""BRGR"",""estimated"":""2023-05-27T00:13:00Z"",""scheduled"":""2023-05-27T00:13:00Z"",""eta"":""ARR"",""arrival"":{""estimated"":""2023-05-27T00:13:00Z"",""scheduled"":""2023-05-27T00:13:00Z""},""departure"":{""estimated"":""2023-05-27T00:13:02Z"",""scheduled"":""2023-05-27T00:13:02Z""},""diff"":""goo"",""diffMin"":0},{""station"":""Pit Siding"",""code"":""PITS"",""estimated"":""2023-05-27T01:35:00Z"",""scheduled"":""2023-05-27T01:35:00Z"",""eta"":""ARR"",""arrival"":{""estimated"":""2023-05-27T01:35:00Z"",""scheduled"":""2023-05-27T01:35:00Z""},""departure"":{""estimated"":""2023-05-27T01:35:02Z"",""scheduled"":""2023-05-27T01:35:02Z""},""diff"":""goo"",""diffMin"":0},{""station"":""Ilford"",""code"":""ILFO"",""estimated"":""2023-05-27T03:05:14Z"",""scheduled"":""2023-05-27T02:36:00Z"",""eta"":""ARR"",""arrival"":{""estimated"":""2023-05-27T03:05:14Z"",""scheduled"":""2023-05-27T02:36:00Z""},""departure"":{""estimated"":""2023-05-27T03:05:14Z"",""scheduled"":""2023-05-27T02:36:02Z""},""diff"":""bad"",""diffMin"":29},{""station"":""Wivenhoe"",""code"":""WVHO"",""estimated"":""2023-05-27T04:05:14Z"",""scheduled"":""2023-05-27T03:13:00Z"",""eta"":""ARR"",""arrival"":{""estimated"":""2023-05-27T04:05:14Z"",""scheduled"":""2023-05-27T03:13:00Z""},""departure"":{""estimated"":""2023-05-27T04:05:14Z"",""scheduled"":""2023-05-27T03:13:02Z""},""diff"":""bad"",""diffMin"":52},{""station"":""Gillam"",""code"":""GILL"",""estimated"":""2023-05-27T04:53:57Z"",""scheduled"":""2023-05-27T04:00:01Z"",""eta"":""ARR"",""arrival"":{""estimated"":""2023-05-27T04:53:57Z"",""scheduled"":""2023-05-27T04:00:01Z""},""departure"":{""estimated"":""2023-05-27T04:53:57Z"",""scheduled"":""2023-05-27T04:30:00Z""},""diff"":""bad"",""diffMin"":53},{""station"":""Bird"",""code"":""BIRD"",""estimated"":""2023-05-27T05:51:44Z"",""scheduled"":""2023-05-27T05:29:00Z"",""eta"":""ARR"",""arrival"":{""estimated"":""2023-05-27T05:51:44Z"",""scheduled"":""2023-05-27T05:29:00Z""},""departure"":{""estimated"":""2023-05-27T05:51:44Z"",""scheduled"":""2023-05-27T05:29:02Z""},""diff"":""bad"",""diffMin"":22},{""station"":""Amery"",""code"":""AMRY"",""estimated"":""2023-05-27T06:14:59Z"",""scheduled"":""2023-05-27T05:51:00Z"",""eta"":""ARR"",""arrival"":{""estimated"":""2023-05-27T06:14:59Z"",""scheduled"":""2023-05-27T05:51:00Z""},""departure"":{""estimated"":""2023-05-27T06:14:59Z"",""scheduled"":""2023-05-27T05:51:02Z""},""diff"":""bad"",""diffMin"":23},{""station"":""Weir River"",""code"":""WEIR"",""estimated"":""2023-05-27T07:13:14Z"",""scheduled"":""2023-05-27T06:43:00Z"",""eta"":""ARR"",""arrival"":{""estimated"":""2023-05-27T07:13:14Z"",""scheduled"":""2023-05-27T06:43:00Z""},""departure"":{""estimated"":""2023-05-27T07:13:14Z"",""scheduled"":""2023-05-27T06:43:02Z""},""diff"":""bad"",""diffMin"":30},{""station"":""Thibaudeau"",""code"":""THIB"",""estimated"":""2023-05-27T07:59:23Z"",""scheduled"":""2023-05-27T08:00:00Z"",""eta"":""ARR"",""arrival"":{""estimated"":""2023-05-27T07:59:23Z"",""scheduled"":""2023-05-27T08:00:00Z""},""departure"":{""estimated"":""2023-05-27T08:00:02Z"",""scheduled"":""2023-05-27T08:00:02Z""},""diff"":""goo"",""diffMin"":0},{""station"":""Herchmer"",""code"":""HERC"",""estimated"":""2023-05-27T09:26:00Z"",""scheduled"":""2023-05-27T09:26:00Z"",""eta"":""ARR"",""arrival"":{""estimated"":""2023-05-27T09:26:00Z"",""scheduled"":""2023-05-27T09:26:00Z""},""departure"":{""estimated"":""2023-05-27T09:26:02Z"",""scheduled"":""2023-05-27T09:26:02Z""},""diff"":""goo"",""diffMin"":0},{""station"":""O'Day"",""code"":""ODAY"",""estimated"":""2023-05-27T10:05:00Z"",""scheduled"":""2023-05-27T10:05:00Z"",""eta"":""ARR"",""arrival"":{""estimated"":""2023-05-27T10:05:00Z"",""scheduled"":""2023-05-27T10:05:00Z""},""departure"":{""estimated"":""2023-05-27T10:05:02Z"",""scheduled"":""2023-05-27T10:05:02Z""},""diff"":""goo"",""diffMin"":0},{""station"":""M'Clintock"",""code"":""MCLI"",""estimated"":""2023-05-27T10:50:00Z"",""scheduled"":""2023-05-27T10:50:00Z"",""eta"":""ARR"",""arrival"":{""estimated"":""2023-05-27T10:50:00Z"",""scheduled"":""2023-05-27T10:50:00Z""},""departure"":{""estimated"":""2023-05-27T10:50:02Z"",""scheduled"":""2023-05-27T10:50:02Z""},""diff"":""goo"",""diffMin"":0},{""station"":""Chesnaye"",""code"":""CHES"",""estimated"":""2023-05-27T12:06:00Z"",""scheduled"":""2023-05-27T12:06:00Z"",""eta"":""ARR"",""arrival"":{""estimated"":""2023-05-27T12:06:00Z"",""scheduled"":""2023-05-27T12:06:00Z""},""departure"":{""estimated"":""2023-05-27T12:06:02Z"",""scheduled"":""2023-05-27T12:06:02Z""},""diff"":""goo"",""diffMin"":0},{""station"":""Tidal"",""code"":""TIDL"",""estimated"":""2023-05-27T13:37:00Z"",""scheduled"":""2023-05-27T13:37:00Z"",""eta"":""57 mins"",""arrival"":{""estimated"":""2023-05-27T13:37:00Z"",""scheduled"":""2023-05-27T13:37:00Z""},""departure"":{""estimated"":""2023-05-27T13:37:02Z"",""scheduled"":""2023-05-27T13:37:02Z""},""diff"":""goo"",""diffMin"":0},{""station"":""Churchill"",""code"":""CHUR"",""estimated"":""2023-05-27T14:00:00Z"",""scheduled"":""2023-05-27T14:00:00Z"",""eta"":""1h20"",""arrival"":{""estimated"":""2023-05-27T14:00:00Z"",""scheduled"":""2023-05-27T14:00:00Z""},""diff"":""goo"",""diffMin"":0}]"
"6",53.9245,-122.763,0,,"2023-05-27T12:38:35Z",true,false,"PRINCE RUPERT","JASPER","2023-05-26",1,"[{""station"":""Prince Rupert"",""code"":""PRUP"",""estimated"":""&mdash;"",""scheduled"":""2023-05-26T15:00:00Z"",""eta"":""&mdash;"",""departure"":{""estimated"":null,""scheduled"":""2023-05-26T15:00:00Z""}},{""station"":""Cassiar Cannery"",""code"":""CASS"",""estimated"":""2023-05-26T16:07:27Z"",""scheduled"":""2023-05-26T15:20:00Z"",""eta"":""ARR"",""arrival"":{""estimated"":""2023-05-26T16:07:27Z"",""scheduled"":""2023-05-26T15:20:00Z""},""departure"":{""estimated"":""2023-05-26T16:07:27Z"",""scheduled"":""2023-05-26T15:20:02Z""},""diff"":""bad"",""diffMin"":47},{""station"":""Kwinitsa"",""code"":""KWIN"",""estimated"":""2023-05-26T16:47:06Z"",""scheduled"":""2023-05-26T16:17:00Z"",""eta"":""ARR"",""arrival"":{""estimated"":""2023-05-26T16:47:06Z"",""scheduled"":""2023-05-26T16:17:00Z""},""departure"":{""estimated"":""2023-05-26T16:47:06Z"",""scheduled"":""2023-05-26T16:17:02Z""},""diff"":""bad"",""diffMin"":30},{""station"":""Terrace"",""code"":""TRRC"",""estimated"":""2023-05-26T17:57:13Z"",""scheduled"":""2023-05-26T17:20:00Z"",""eta"":""ARR"",""arrival"":{""estimated"":""2023-05-26T17:57:13Z"",""scheduled"":""2023-05-26T17:20:00Z""},""departure"":{""estimated"":""2023-05-26T17:57:13Z"",""scheduled"":""2023-05-26T17:25:00Z""},""diff"":""bad"",""diffMin"":37},{""station"":""Usk"",""code"":""USKX"",""estimated"":""2023-05-26T18:26:36Z"",""scheduled"":""2023-05-26T17:48:00Z"",""eta"":""ARR"",""arrival"":{""estimated"":""2023-05-26T18:26:36Z"",""scheduled"":""2023-05-26T17:48:00Z""},""departure"":{""estimated"":""2023-05-26T18:26:36Z"",""scheduled"":""2023-05-26T17:48:02Z""},""diff"":""bad"",""diffMin"":38},{""station"":""Pacific"",""code"":""PACI"",""estimated"":""2023-05-26T18:43:21Z"",""scheduled"":""2023-05-26T18:07:00Z"",""eta"":""ARR"",""arrival"":{""estimated"":""2023-05-26T18:43:21Z"",""scheduled"":""2023-05-26T18:07:00Z""},""departure"":{""estimated"":""2023-05-26T18:43:21Z"",""scheduled"":""2023-05-26T18:07:02Z""},""diff"":""bad"",""diffMin"":36},{""station"":""Dorreen"",""code"":""DORR"",""estimated"":""2023-05-26T18:55:21Z"",""scheduled"":""2023-05-26T18:19:00Z"",""eta"":""ARR"",""arrival"":{""estimated"":""2023-05-26T18:55:21Z"",""scheduled"":""2023-05-26T18:19:00Z""},""departure"":{""estimated"":""2023-05-26T18:55:21Z"",""scheduled"":""2023-05-26T18:19:02Z""},""diff"":""bad"",""diffMin"":36},{""station"":""Cedarvale"",""code"":""CEDA"",""estimated"":""2023-05-26T19:20:21Z"",""scheduled"":""2023-05-26T18:44:00Z"",""eta"":""ARR"",""arrival"":{""estimated"":""2023-05-26T19:20:21Z"",""scheduled"":""2023-05-26T18:44:00Z""},""departure"":{""estimated"":""2023-05-26T19:20:21Z"",""scheduled"":""2023-05-26T18:44:02Z""},""diff"":""bad"",""diffMin"":36},{""station"":""Kitwanga"",""code"":""KITW"",""estimated"":""2023-05-26T19:30:40Z"",""scheduled"":""2023-05-26T19:08:00Z"",""eta"":""ARR"",""arrival"":{""estimated"":""2023-05-26T19:30:40Z"",""scheduled"":""2023-05-26T19:08:00Z""},""departure"":{""estimated"":""2023-05-26T19:30:40Z"",""scheduled"":""2023-05-26T19:08:02Z""},""diff"":""bad"",""diffMin"":22},{""station"":""New Hazelton"",""code"":""NHAZ"",""estimated"":""2023-05-26T20:17:26Z"",""scheduled"":""2023-05-26T19:30:00Z"",""eta"":""ARR"",""arrival"":{""estimated"":""2023-05-26T20:17:26Z"",""scheduled"":""2023-05-26T19:30:00Z""},""departure"":{""estimated"":""2023-05-26T20:17:26Z"",""scheduled"":""2023-05-26T19:30:02Z""},""diff"":""bad"",""diffMin"":47},{""station"":""Smithers"",""code"":""SMTR"",""estimated"":""2023-05-26T21:37:42Z"",""scheduled"":""2023-05-26T21:14:00Z"",""eta"":""ARR"",""arrival"":{""estimated"":""2023-05-26T21:37:42Z"",""scheduled"":""2023-05-26T21:14:00Z""},""departure"":{""estimated"":""2023-05-26T21:37:42Z"",""scheduled"":""2023-05-26T21:24:00Z""},""diff"":""bad"",""diffMin"":23},{""station"":""Telkwa"",""code"":""TELK"",""estimated"":""2023-05-26T21:59:02Z"",""scheduled"":""2023-05-26T21:37:00Z"",""eta"":""ARR"",""arrival"":{""estimated"":""2023-05-26T21:59:02Z"",""scheduled"":""2023-05-26T21:37:00Z""},""departure"":{""estimated"":""2023-05-26T21:59:02Z"",""scheduled"":""2023-05-26T21:37:02Z""},""diff"":""bad"",""diffMin"":22},{""station"":""Houston"",""code"":""HOUS"",""estimated"":""2023-05-26T23:18:20Z"",""scheduled"":""2023-05-26T22:22:00Z"",""eta"":""ARR"",""arrival"":{""estimated"":""2023-05-26T23:18:20Z"",""scheduled"":""2023-05-26T22:22:00Z""},""departure"":{""estimated"":""2023-05-26T23:18:20Z"",""scheduled"":""2023-05-26T22:22:02Z""},""diff"":""bad"",""diffMin"":56},{""station"":""Burns Lake"",""code"":""BRNL"",""estimated"":""2023-05-27T00:52:55Z"",""scheduled"":""2023-05-26T23:32:00Z"",""eta"":""ARR"",""arrival"":{""estimated"":""2023-05-27T00:52:55Z"",""scheduled"":""2023-05-26T23:32:00Z""},""departure"":{""estimated"":""2023-05-27T00:52:55Z"",""scheduled"":""2023-05-26T23:32:02Z""},""diff"":""bad"",""diffMin"":80},{""station"":""Endako"",""code"":""ENDA"",""estimated"":""2023-05-27T01:41:56Z"",""scheduled"":""2023-05-27T00:25:00Z"",""eta"":""ARR"",""arrival"":{""estimated"":""2023-05-27T01:41:56Z"",""scheduled"":""2023-05-27T00:25:00Z""},""departure"":{""estimated"":""2023-05-27T01:41:56Z"",""scheduled"":""2023-05-27T00:25:02Z""},""diff"":""bad"",""diffMin"":76},{""station"":""Fort Fraser"",""code"":""FFRA"",""estimated"":""2023-05-27T02:14:46Z"",""scheduled"":""2023-05-27T00:57:00Z"",""eta"":""ARR"",""arrival"":{""estimated"":""2023-05-27T02:14:46Z"",""scheduled"":""2023-05-27T00:57:00Z""},""departure"":{""estimated"":""2023-05-27T02:14:46Z"",""scheduled"":""2023-05-27T00:57:02Z""},""diff"":""bad"",""diffMin"":77},{""station"":""Vanderhoof"",""code"":""VDRH"",""estimated"":""2023-05-27T02:50:21Z"",""scheduled"":""2023-05-27T01:35:00Z"",""eta"":""ARR"",""arrival"":{""estimated"":""2023-05-27T02:50:21Z"",""scheduled"":""2023-05-27T01:35:00Z""},""departure"":{""estimated"":""2023-05-27T02:50:21Z"",""scheduled"":""2023-05-27T01:35:02Z""},""diff"":""bad"",""diffMin"":75},{""station"":""Prince George"",""code"":""PGEO"",""estimated"":""2023-05-27T04:28:27Z"",""scheduled"":""2023-05-27T03:29:00Z"",""eta"":""ARR"",""arrival"":{""estimated"":""2023-05-27T04:28:27Z"",""scheduled"":""2023-05-27T03:29:00Z""},""departure"":{""estimated"":""2023-05-27T15:15:00Z"",""scheduled"":""2023-05-27T15:15:00Z""},""diff"":""bad"",""diffMin"":59},{""station"":""Willow River"",""code"":""WILR"",""estimated"":""2023-05-27T15:48:00Z"",""scheduled"":""2023-05-27T15:48:00Z"",""eta"":""3h08"",""arrival"":{""estimated"":""2023-05-27T15:48:00Z"",""scheduled"":""2023-05-27T15:48:00Z""},""departure"":{""estimated"":""2023-05-27T15:48:02Z"",""scheduled"":""2023-05-27T15:48:02Z""},""diff"":""goo"",""diffMin"":0},{""station"":""Alzea Lake"",""code"":""ALZL"",""estimated"":""2023-05-27T16:17:00Z"",""scheduled"":""2023-05-27T16:17:00Z"",""eta"":""3h37"",""arrival"":{""estimated"":""2023-05-27T16:17:00Z"",""scheduled"":""2023-05-27T16:17:00Z""},""departure"":{""estimated"":""2023-05-27T16:17:02Z"",""scheduled"":""2023-05-27T16:17:02Z""},""diff"":""goo"",""diffMin"":0},{""station"":""Upper Fraser"",""code"":""UFRZ"",""estimated"":""2023-05-27T16:25:00Z"",""scheduled"":""2023-05-27T16:25:00Z"",""eta"":""3h45"",""arrival"":{""estimated"":""2023-05-27T16:25:00Z"",""scheduled"":""2023-05-27T16:25:00Z""},""departure"":{""estimated"":""2023-05-27T16:25:02Z"",""scheduled"":""2023-05-27T16:25:02Z""},""diff"":""goo"",""diffMin"":0},{""station"":""Mcgregor"",""code"":""MCGR"",""estimated"":""2023-05-27T16:33:00Z"",""scheduled"":""2023-05-27T16:33:00Z"",""eta"":""3h53"",""arrival"":{""estimated"":""2023-05-27T16:33:00Z"",""scheduled"":""2023-05-27T16:33:00Z""},""departure"":{""estimated"":""2023-05-27T16:33:02Z"",""scheduled"":""2023-05-27T16:33:02Z""},""diff"":""goo"",""diffMin"":0},{""station"":""Sinclair Mills"",""code"":""SINM"",""estimated"":""2023-05-27T16:44:00Z"",""scheduled"":""2023-05-27T16:44:00Z"",""eta"":""4h04"",""arrival"":{""estimated"":""2023-05-27T16:44:00Z"",""scheduled"":""2023-05-27T16:44:00Z""},""departure"":{""estimated"":""2023-05-27T16:44:02Z"",""scheduled"":""2023-05-27T16:44:02Z""},""diff"":""goo"",""diffMin"":0},{""station"":""Hutton"",""code"":""HUTT"",""estimated"":""2023-05-27T16:48:00Z"",""scheduled"":""2023-05-27T16:48:00Z"",""eta"":""4h08"",""arrival"":{""estimated"":""2023-05-27T16:48:00Z"",""scheduled"":""2023-05-27T16:48:00Z""},""departure"":{""estimated"":""2023-05-27T16:48:02Z"",""scheduled"":""2023-05-27T16:48:02Z""},""diff"":""goo"",""diffMin"":0},{""station"":""Longworth"",""code"":""LWTH"",""estimated"":""2023-05-27T16:59:00Z"",""scheduled"":""2023-05-27T16:59:00Z"",""eta"":""4h19"",""arrival"":{""estimated"":""2023-05-27T16:59:00Z"",""scheduled"":""2023-05-27T16:59:00Z""},""departure"":{""estimated"":""2023-05-27T16:59:02Z"",""scheduled"":""2023-05-27T16:59:02Z""},""diff"":""goo"",""diffMin"":0},{""station"":""Penny"",""code"":""PENN"",""estimated"":""2023-05-27T17:13:00Z"",""scheduled"":""2023-05-27T17:13:00Z"",""eta"":""4h33"",""arrival"":{""estimated"":""2023-05-27T17:13:00Z"",""scheduled"":""2023-05-27T17:13:00Z""},""departure"":{""estimated"":""2023-05-27T17:13:02Z"",""scheduled"":""2023-05-27T17:13:02Z""},""diff"":""goo"",""diffMin"":0},{""station"":""Bend"",""code"":""BEND"",""estimated"":""2023-05-27T17:32:00Z"",""scheduled"":""2023-05-27T17:32:00Z"",""eta"":""4h52"",""arrival"":{""estimated"":""2023-05-27T17:32:00Z"",""scheduled"":""2023-05-27T17:32:00Z""},""departure"":{""estimated"":""2023-05-27T17:32:02Z"",""scheduled"":""2023-05-27T17:32:02Z""},""diff"":""goo"",""diffMin"":0},{""station"":""Dome Creek"",""code"":""DOMC"",""estimated"":""2023-05-27T17:33:07Z"",""scheduled"":""2023-05-27T17:33:07Z"",""eta"":""4h53"",""arrival"":{""estimated"":""2023-05-27T17:33:07Z"",""scheduled"":""2023-05-27T17:33:07Z""},""departure"":{""estimated"":""2023-05-27T17:33:08Z"",""scheduled"":""2023-05-27T17:33:08Z""},""diff"":""goo"",""diffMin"":0},{""station"":""Loos"",""code"":""LOOS"",""estimated"":""2023-05-27T18:07:00Z"",""scheduled"":""2023-05-27T18:07:00Z"",""eta"":""5h27"",""arrival"":{""estimated"":""2023-05-27T18:07:00Z"",""scheduled"":""2023-05-27T18:07:00Z""},""departure"":{""estimated"":""2023-05-27T18:07:02Z"",""scheduled"":""2023-05-27T18:07:02Z""},""diff"":""goo"",""diffMin"":0},{""station"":""Goat River"",""code"":""GOAT"",""estimated"":""2023-05-27T18:22:00Z"",""scheduled"":""2023-05-27T18:22:00Z"",""eta"":""5h42"",""arrival"":{""estimated"":""2023-05-27T18:22:00Z"",""scheduled"":""2023-05-27T18:22:00Z""},""departure"":{""estimated"":""2023-05-27T18:22:02Z"",""scheduled"":""2023-05-27T18:22:02Z""},""diff"":""goo"",""diffMin"":0},{""station"":""Mcbride"",""code"":""MCBR"",""estimated"":""2023-05-27T19:18:00Z"",""scheduled"":""2023-05-27T19:18:00Z"",""eta"":""6h38"",""arrival"":{""estimated"":""2023-05-27T19:18:00Z"",""scheduled"":""2023-05-27T19:18:00Z""},""departure"":{""estimated"":""2023-05-27T19:18:02Z"",""scheduled"":""2023-05-27T19:18:02Z""},""diff"":""goo"",""diffMin"":0},{""station"":""Dunster"",""code"":""DNST"",""estimated"":""2023-05-27T19:35:00Z"",""scheduled"":""2023-05-27T19:35:00Z"",""eta"":""6h55"",""arrival"":{""estimated"":""2023-05-27T19:35:00Z"",""scheduled"":""2023-05-27T19:35:00Z""},""departure"":{""estimated"":""2023-05-27T19:35:02Z"",""scheduled"":""2023-05-27T19:35:02Z""},""diff"":""goo"",""diffMin"":0},{""station"":""Harvey"",""code"":""HRVY"",""estimated"":""2023-05-27T20:24:00Z"",""scheduled"":""2023-05-27T20:24:00Z"",""eta"":""7h44"",""arrival"":{""estimated"":""2023-05-27T20:24:00Z"",""scheduled"":""2023-05-27T20:24:00Z""},""departure"":{""estimated"":""2023-05-27T20:24:02Z"",""scheduled"":""2023-05-27T20:24:02Z""},""diff"":""goo"",""diffMin"":0},{""station"":""Jasper"",""code"":""JASP"",""estimated"":""2023-05-27T23:00:00Z"",""scheduled"":""2023-05-27T23:00:00Z"",""eta"":""10h20"",""arrival"":{""estimated"":""2023-05-27T23:00:00Z"",""scheduled"":""2023-05-27T23:00:00Z""},""diff"":""goo"",""diffMin"":0}]"
"15",45.8731,-72.4973,48,218,"2023-05-27T12:39:38Z",true,false,"HALIFAX","MONTRÉAL","2023-05-26",0,"[{""station"":""Halifax"",""code"":""HLFX"",""estimated"":""2023-05-26T16:00:30Z"",""scheduled"":""2023-05-26T16:00:00Z"",""eta"":""ARR"",""departure"":{""estimated"":""2023-05-26T16:00:30Z"",""scheduled"":""2023-05-26T16:00:00Z""},""diff"":""goo"",""diffMin"":0},{""station"":""Truro"",""code"":""TRUR"",""estimated"":""2023-05-26T17:24:49Z"",""scheduled"":""2023-05-26T17:26:00Z"",""eta"":""ARR"",""arrival"":{""estimated"":""2023-05-26T17:24:49Z"",""scheduled"":""2023-05-26T17:26:00Z""},""departure"":{""estimated"":""2023-05-26T17:29:50Z"",""scheduled"":""2023-05-26T17:31:00Z""},""diff"":""goo"",""diffMin"":-1},{""station"":""Springhill Jct"",""code"":""SPRJ"",""estimated"":""2023-05-26T18:39:13Z"",""scheduled"":""2023-05-26T18:43:00Z"",""eta"":""ARR"",""arrival"":{""estimated"":""2023-05-26T18:39:13Z"",""scheduled"":""2023-05-26T18:43:00Z""},""departure"":{""estimated"":""2023-05-26T18:38:30Z"",""scheduled"":""2023-05-26T18:43:02Z""},""diff"":""goo"",""diffMin"":-3},{""station"":""Amherst"",""code"":""AMHS"",""estimated"":""2023-05-26T18:59:57Z"",""scheduled"":""2023-05-26T19:05:00Z"",""eta"":""ARR"",""arrival"":{""estimated"":""2023-05-26T18:59:57Z"",""scheduled"":""2023-05-26T19:05:00Z""},""departure"":{""estimated"":""2023-05-26T19:00:40Z"",""scheduled"":""2023-05-26T19:08:00Z""},""diff"":""goo"",""diffMin"":-5},{""station"":""Sackville"",""code"":""SACK"",""estimated"":""2023-05-26T19:16:00Z"",""scheduled"":""2023-05-26T19:22:00Z"",""eta"":""ARR"",""arrival"":{""estimated"":""2023-05-26T19:16:00Z"",""scheduled"":""2023-05-26T19:22:00Z""},""departure"":{""estimated"":""2023-05-26T19:16:30Z"",""scheduled"":""2023-05-26T19:25:00Z""},""diff"":""goo"",""diffMin"":-6},{""station"":""Moncton"",""code"":""MCTN"",""estimated"":""2023-05-26T20:00:42Z"",""scheduled"":""2023-05-26T20:17:00Z"",""eta"":""ARR"",""arrival"":{""estimated"":""2023-05-26T20:00:42Z"",""scheduled"":""2023-05-26T20:17:00Z""},""departure"":{""estimated"":""2023-05-26T20:32:00Z"",""scheduled"":""2023-05-26T20:32:00Z""},""diff"":""goo"",""diffMin"":-16},{""station"":""Rogersville"",""code"":""RGRV"",""estimated"":""2023-05-26T21:58:40Z"",""scheduled"":""2023-05-26T21:41:00Z"",""eta"":""ARR"",""arrival"":{""estimated"":""2023-05-26T21:58:40Z"",""scheduled"":""2023-05-26T21:41:00Z""},""departure"":{""estimated"":""2023-05-26T21:58:40Z"",""scheduled"":""2023-05-26T21:43:00Z""},""diff"":""bad"",""diffMin"":17},{""station"":""Miramichi"",""code"":""MIRA"",""estimated"":""2023-05-26T22:47:36Z"",""scheduled"":""2023-05-26T22:32:00Z"",""eta"":""ARR"",""arrival"":{""estimated"":""2023-05-26T22:47:36Z"",""scheduled"":""2023-05-26T22:32:00Z""},""departure"":{""estimated"":""2023-05-26T22:47:36Z"",""scheduled"":""2023-05-26T22:37:00Z""},""diff"":""bad"",""diffMin"":15},{""station"":""Bathurst"",""code"":""BTRS"",""estimated"":""2023-05-27T00:24:17Z"",""scheduled"":""2023-05-27T00:18:00Z"",""eta"":""ARR"",""arrival"":{""estimated"":""2023-05-27T00:24:17Z"",""scheduled"":""2023-05-27T00:18:00Z""},""departure"":{""estimated"":""2023-05-27T00:24:17Z"",""scheduled"":""2023-05-27T00:28:00Z""},""diff"":""med"",""diffMin"":6},{""station"":""Petit Rocher"",""code"":""PROC"",""estimated"":""2023-05-27T00:50:44Z"",""scheduled"":""2023-05-27T00:47:00Z"",""eta"":""ARR"",""arrival"":{""estimated"":""2023-05-27T00:50:44Z"",""scheduled"":""2023-05-27T00:47:00Z""},""departure"":{""estimated"":""2023-05-27T00:50:44Z"",""scheduled"":""2023-05-27T00:49:00Z""},""diff"":""goo"",""diffMin"":3},{""station"":""Jacquet River"",""code"":""JACR"",""estimated"":""2023-05-27T01:18:16Z"",""scheduled"":""2023-05-27T01:10:02Z"",""eta"":""ARR"",""arrival"":{""estimated"":""2023-05-27T01:18:16Z"",""scheduled"":""2023-05-27T01:10:02Z""},""departure"":{""estimated"":""2023-05-27T01:18:16Z"",""scheduled"":""2023-05-27T01:12:00Z""},""diff"":""med"",""diffMin"":8},{""station"":""Charlo"",""code"":""CHLO"",""estimated"":""2023-05-27T01:52:39Z"",""scheduled"":""2023-05-27T01:34:00Z"",""eta"":""ARR"",""arrival"":{""estimated"":""2023-05-27T01:52:39Z"",""scheduled"":""2023-05-27T01:34:00Z""},""departure"":{""estimated"":""2023-05-27T01:52:39Z"",""scheduled"":""2023-05-27T01:36:00Z""},""diff"":""bad"",""diffMin"":18},{""station"":""Campbellton"",""code"":""CBTN"",""estimated"":""2023-05-27T02:38:07Z"",""scheduled"":""2023-05-27T02:08:00Z"",""eta"":""ARR"",""arrival"":{""estimated"":""2023-05-27T02:38:07Z"",""scheduled"":""2023-05-27T02:08:00Z""},""departure"":{""estimated"":""2023-05-27T02:38:07Z"",""scheduled"":""2023-05-27T02:18:00Z""},""diff"":""bad"",""diffMin"":30},{""station"":""Matapedia"",""code"":""MTPD"",""estimated"":""2023-05-27T03:21:09Z"",""scheduled"":""2023-05-27T02:50:00Z"",""eta"":""ARR"",""arrival"":{""estimated"":""2023-05-27T03:21:09Z"",""scheduled"":""2023-05-27T02:50:00Z""},""departure"":{""estimated"":""2023-05-27T03:21:09Z"",""scheduled"":""2023-05-27T02:52:00Z""},""diff"":""bad"",""diffMin"":31},{""station"":""Causapscal"",""code"":""CAUS"",""estimated"":""2023-05-27T04:11:59Z"",""scheduled"":""2023-05-27T03:39:00Z"",""eta"":""ARR"",""arrival"":{""estimated"":""2023-05-27T04:11:59Z"",""scheduled"":""2023-05-27T03:39:00Z""},""departure"":{""estimated"":""2023-05-27T04:11:59Z"",""scheduled"":""2023-05-27T03:40:00Z""},""diff"":""bad"",""diffMin"":32},{""station"":""Amqui"",""code"":""AMQU"",""estimated"":""2023-05-27T04:29:18Z"",""scheduled"":""2023-05-27T03:59:00Z"",""eta"":""ARR"",""arrival"":{""estimated"":""2023-05-27T04:29:18Z"",""scheduled"":""2023-05-27T03:59:00Z""},""departure"":{""estimated"":""2023-05-27T04:29:18Z"",""scheduled"":""2023-05-27T04:02:00Z""},""diff"":""bad"",""diffMin"":30},{""station"":""Sayabec"",""code"":""SAYA"",""estimated"":""2023-05-27T04:57:00Z"",""scheduled"":""2023-05-27T04:21:00Z"",""eta"":""ARR"",""arrival"":{""estimated"":""2023-05-27T04:57:00Z"",""scheduled"":""2023-05-27T04:21:00Z""},""departure"":{""estimated"":""2023-05-27T04:57:00Z"",""scheduled"":""2023-05-27T04:22:00Z""},""diff"":""bad"",""diffMin"":36},{""station"":""Mont-Joli"",""code"":""MJLI"",""estimated"":""2023-05-27T06:02:08Z"",""scheduled"":""2023-05-27T05:21:00Z"",""eta"":""ARR"",""arrival"":{""estimated"":""2023-05-27T06:02:08Z"",""scheduled"":""2023-05-27T05:21:00Z""},""departure"":{""estimated"":""2023-05-27T06:02:08Z"",""scheduled"":""2023-05-27T05:26:00Z""},""diff"":""bad"",""diffMin"":41},{""station"":""Rimouski"",""code"":""RMSK"",""estimated"":""2023-05-27T06:29:33Z"",""scheduled"":""2023-05-27T05:54:00Z"",""eta"":""ARR"",""arrival"":{""estimated"":""2023-05-27T06:29:33Z"",""scheduled"":""2023-05-27T05:54:00Z""},""departure"":{""estimated"":""2023-05-27T06:29:33Z"",""scheduled"":""2023-05-27T06:01:00Z""},""diff"":""bad"",""diffMin"":35},{""station"":""Trois Pistoles"",""code"":""TPIS"",""estimated"":""2023-05-27T08:01:29Z"",""scheduled"":""2023-05-27T07:01:00Z"",""eta"":""ARR"",""arrival"":{""estimated"":""2023-05-27T08:01:29Z"",""scheduled"":""2023-05-27T07:01:00Z""},""departure"":{""estimated"":""2023-05-27T08:01:29Z"",""scheduled"":""2023-05-27T07:04:00Z""},""diff"":""bad"",""diffMin"":60},{""station"":""Rivière-Du-Loup"",""code"":""RDLX"",""estimated"":""2023-05-27T08:48:13Z"",""scheduled"":""2023-05-27T07:48:00Z"",""eta"":""ARR"",""arrival"":{""estimated"":""2023-05-27T08:48:13Z"",""scheduled"":""2023-05-27T07:48:00Z""},""departure"":{""estimated"":""2023-05-27T08:48:13Z"",""scheduled"":""2023-05-27T07:53:00Z""},""diff"":""bad"",""diffMin"":60},{""station"":""La Pocatière"",""code"":""LPOC"",""estimated"":""2023-05-27T09:27:54Z"",""scheduled"":""2023-05-27T08:35:00Z"",""eta"":""ARR"",""arrival"":{""estimated"":""2023-05-27T09:27:54Z"",""scheduled"":""2023-05-27T08:35:00Z""},""departure"":{""estimated"":""2023-05-27T09:27:54Z"",""scheduled"":""2023-05-27T08:36:00Z""},""diff"":""bad"",""diffMin"":52},{""station"":""Montmagny"",""code"":""MMGY"",""estimated"":""2023-05-27T09:55:44Z"",""scheduled"":""2023-05-27T09:10:00Z"",""eta"":""ARR"",""arrival"":{""estimated"":""2023-05-27T09:55:44Z"",""scheduled"":""2023-05-27T09:10:00Z""},""departure"":{""estimated"":""2023-05-27T09:55:44Z"",""scheduled"":""2023-05-27T09:10:02Z""},""diff"":""bad"",""diffMin"":45},{""station"":""Ste-Foy"",""code"":""SFOY"",""estimated"":""2023-05-27T10:38:25Z"",""scheduled"":""2023-05-27T10:13:00Z"",""eta"":""ARR"",""arrival"":{""estimated"":""2023-05-27T10:38:25Z"",""scheduled"":""2023-05-27T10:13:00Z""},""departure"":{""estimated"":""2023-05-27T10:38:25Z"",""scheduled"":""2023-05-27T10:28:00Z""},""diff"":""bad"",""diffMin"":25},{""station"":""Drummondville"",""code"":""DRMV"",""estimated"":""2023-05-27T12:30:00Z"",""scheduled"":""2023-05-27T12:30:00Z"",""eta"":""ARR"",""arrival"":{""estimated"":""2023-05-27T12:30:00Z"",""scheduled"":""2023-05-27T12:30:00Z""},""departure"":{""estimated"":""2023-05-27T12:36:00Z"",""scheduled"":""2023-05-27T12:36:00Z""},""diff"":""goo"",""diffMin"":0},{""station"":""St. Hyacinthe"",""code"":""SHYA"",""estimated"":""2023-05-27T13:10:00Z"",""scheduled"":""2023-05-27T13:10:00Z"",""eta"":""30 mins"",""arrival"":{""estimated"":""2023-05-27T13:10:00Z"",""scheduled"":""2023-05-27T13:10:00Z""},""departure"":{""estimated"":""2023-05-27T13:15:00Z"",""scheduled"":""2023-05-27T13:15:00Z""},""diff"":""goo"",""diffMin"":0},{""station"":""St. Lambert"",""code"":""SLAM"",""estimated"":""2023-05-27T13:44:00Z"",""scheduled"":""2023-05-27T13:44:00Z"",""eta"":""1h04"",""arrival"":{""estimated"":""2023-05-27T13:44:00Z"",""scheduled"":""2023-05-27T13:44:00Z""},""departure"":{""estimated"":""2023-05-27T13:50:00Z"",""scheduled"":""2023-05-27T13:50:00Z""},""diff"":""goo"",""diffMin"":0},{""station"":""Montréal"",""code"":""MTRL"",""estimated"":""2023-05-27T14:03:00Z"",""scheduled"":""2023-05-27T14:03:00Z"",""eta"":""1h23"",""arrival"":{""estimated"":""2023-05-27T14:03:00Z"",""scheduled"":""2023-05-27T14:03:00Z""},""diff"":""goo"",""diffMin"":0}]"
"5",53.9244,-122.7627,0,,"2023-05-27T12:38:31Z",true,false,"JASPER","PRINCE RUPERT","2023-05-26",1,"[{""station"":""Jasper"",""code"":""JASP"",""estimated"":""2023-05-26T18:45:00Z"",""scheduled"":""2023-05-26T18:45:00Z"",""eta"":""ARR"",""departure"":{""estimated"":""2023-05-26T18:45:00Z"",""scheduled"":""2023-05-26T18:45:00Z""},""diff"":""goo"",""diffMin"":0},{""station"":""Harvey"",""code"":""HRVY"",""estimated"":""2023-05-26T20:31:31Z"",""scheduled"":""2023-05-26T20:38:00Z"",""eta"":""ARR"",""arrival"":{""estimated"":""2023-05-26T20:31:31Z"",""scheduled"":""2023-05-26T20:38:00Z""},""departure"":{""estimated"":""2023-05-26T20:38:02Z"",""scheduled"":""2023-05-26T20:38:02Z""},""diff"":""goo"",""diffMin"":-6},{""station"":""Dunster"",""code"":""DNST"",""estimated"":""2023-05-26T21:13:50Z"",""scheduled"":""2023-05-26T21:12:00Z"",""eta"":""ARR"",""arrival"":{""estimated"":""2023-05-26T21:13:50Z"",""scheduled"":""2023-05-26T21:12:00Z""},""departure"":{""estimated"":""2023-05-26T21:13:50Z"",""scheduled"":""2023-05-26T21:12:02Z""},""diff"":""goo"",""diffMin"":1},{""station"":""Mcbride"",""code"":""MCBR"",""estimated"":""2023-05-26T22:00:58Z"",""scheduled"":""2023-05-26T21:44:00Z"",""eta"":""ARR"",""arrival"":{""estimated"":""2023-05-26T22:00:58Z"",""scheduled"":""2023-05-26T21:44:00Z""},""departure"":{""estimated"":""2023-05-26T22:00:58Z"",""scheduled"":""2023-05-26T21:44:02Z""},""diff"":""bad"",""diffMin"":16},{""station"":""Goat River"",""code"":""GOAT"",""estimated"":""2023-05-26T22:51:43Z"",""scheduled"":""2023-05-26T22:41:00Z"",""eta"":""ARR"",""arrival"":{""estimated"":""2023-05-26T22:51:43Z"",""scheduled"":""2023-05-26T22:41:00Z""},""departure"":{""estimated"":""2023-05-26T22:51:43Z"",""scheduled"":""2023-05-26T22:41:02Z""},""diff"":""med"",""diffMin"":10},{""station"":""Loos"",""code"":""LOOS"",""estimated"":""2023-05-26T23:05:34Z"",""scheduled"":""2023-05-26T22:58:00Z"",""eta"":""ARR"",""arrival"":{""estimated"":""2023-05-26T23:05:34Z"",""scheduled"":""2023-05-26T22:58:00Z""},""departure"":{""estimated"":""2023-05-26T23:05:34Z"",""scheduled"":""2023-05-26T22:58:02Z""},""diff"":""med"",""diffMin"":7},{""station"":""Dome Creek"",""code"":""DOMC"",""estimated"":""2023-05-26T23:32:36Z"",""scheduled"":""2023-05-26T23:32:00Z"",""eta"":""ARR"",""arrival"":{""estimated"":""2023-05-26T23:32:36Z"",""scheduled"":""2023-05-26T23:32:00Z""},""departure"":{""estimated"":""2023-05-26T23:32:36Z"",""scheduled"":""2023-05-26T23:32:02Z""},""diff"":""goo"",""diffMin"":0},{""station"":""Bend"",""code"":""BEND"",""estimated"":""2023-05-26T23:35:12Z"",""scheduled"":""2023-05-26T23:36:00Z"",""eta"":""ARR"",""arrival"":{""estimated"":""2023-05-26T23:35:12Z"",""scheduled"":""2023-05-26T23:36:00Z""},""departure"":{""estimated"":""2023-05-26T23:34:46Z"",""scheduled"":""2023-05-26T23:36:02Z""},""diff"":""goo"",""diffMin"":0},{""station"":""Penny"",""code"":""PENN"",""estimated"":""2023-05-26T23:55:46Z"",""scheduled"":""2023-05-26T23:56:00Z"",""eta"":""ARR"",""arrival"":{""estimated"":""2023-05-26T23:55:46Z"",""scheduled"":""2023-05-26T23:56:00Z""},""departure"":{""estimated"":""2023-05-26T23:54:30Z"",""scheduled"":""2023-05-26T23:56:02Z""},""diff"":""goo"",""diffMin"":0},{""station"":""Longworth"",""code"":""LWTH"",""estimated"":""2023-05-27T00:07:19Z"",""scheduled"":""2023-05-27T00:11:00Z"",""eta"":""ARR"",""arrival"":{""estimated"":""2023-05-27T00:07:19Z"",""scheduled"":""2023-05-27T00:11:00Z""},""departure"":{""estimated"":""2023-05-27T00:06:05Z"",""scheduled"":""2023-05-27T00:11:02Z""},""diff"":""goo"",""diffMin"":-3},{""station"":""Hutton"",""code"":""HUTT"",""estimated"":""2023-05-27T00:18:08Z"",""scheduled"":""2023-05-27T00:24:00Z"",""eta"":""ARR"",""arrival"":{""estimated"":""2023-05-27T00:18:08Z"",""scheduled"":""2023-05-27T00:24:00Z""},""departure"":{""estimated"":""2023-05-27T00:24:02Z"",""scheduled"":""2023-05-27T00:24:02Z""},""diff"":""goo"",""diffMin"":-5},{""station"":""Sinclair Mills"",""code"":""SINM"",""estimated"":""2023-05-27T00:30:00Z"",""scheduled"":""2023-05-27T00:30:00Z"",""eta"":""ARR"",""arrival"":{""estimated"":""2023-05-27T00:30:00Z"",""scheduled"":""2023-05-27T00:30:00Z""},""departure"":{""estimated"":""2023-05-27T00:30:02Z"",""scheduled"":""2023-05-27T00:30:02Z""},""diff"":""goo"",""diffMin"":0},{""station"":""Mcgregor"",""code"":""MCGR"",""estimated"":""2023-05-27T00:33:41Z"",""scheduled"":""2023-05-27T00:43:00Z"",""eta"":""ARR"",""arrival"":{""estimated"":""2023-05-27T00:33:41Z"",""scheduled"":""2023-05-27T00:43:00Z""},""departure"":{""estimated"":""2023-05-27T00:43:02Z"",""scheduled"":""2023-05-27T00:43:02Z""},""diff"":""goo"",""diffMin"":-9},{""station"":""Upper Fraser"",""code"":""UFRZ"",""estimated"":""2023-05-27T00:52:00Z"",""scheduled"":""2023-05-27T00:52:00Z"",""eta"":""ARR"",""arrival"":{""estimated"":""2023-05-27T00:52:00Z"",""scheduled"":""2023-05-27T00:52:00Z""},""departure"":{""estimated"":""2023-05-27T00:52:02Z"",""scheduled"":""2023-05-27T00:52:02Z""},""diff"":""goo"",""diffMin"":0},{""station"":""Aleza Lake"",""code"":"""",""estimated"":""2023-05-27T00:45:39Z"",""scheduled"":""2023-05-27T01:01:00Z"",""eta"":""ARR"",""arrival"":{""estimated"":""2023-05-27T00:45:39Z"",""scheduled"":""2023-05-27T01:01:00Z""},""departure"":{""estimated"":""2023-05-27T00:44:20Z"",""scheduled"":""2023-05-27T01:01:02Z""},""diff"":""goo"",""diffMin"":-15},{""station"":""Willow River"",""code"":""WILR"",""estimated"":""2023-05-27T01:36:11Z"",""scheduled"":""2023-05-27T01:34:01Z"",""eta"":""ARR"",""arrival"":{""estimated"":""2023-05-27T01:36:11Z"",""scheduled"":""2023-05-27T01:34:01Z""},""departure"":{""estimated"":""2023-05-27T01:36:11Z"",""scheduled"":""2023-05-27T01:34:03Z""},""diff"":""goo"",""diffMin"":2},{""station"":""Prince George"",""code"":""PGEO"",""estimated"":""2023-05-27T02:30:42Z"",""scheduled"":""2023-05-27T02:08:00Z"",""eta"":""ARR"",""arrival"":{""estimated"":""2023-05-27T02:30:42Z"",""scheduled"":""2023-05-27T02:08:00Z""},""departure"":{""estimated"":""2023-05-27T02:30:42Z"",""scheduled"":""2023-05-27T15:00:00Z""},""diff"":""bad"",""diffMin"":22},{""station"":""Vanderhoof"",""code"":""VDRH"",""estimated"":""2023-05-27T17:17:45Z"",""scheduled"":""2023-05-27T16:55:00Z"",""eta"":""4h37"",""arrival"":{""estimated"":""2023-05-27T17:17:45Z"",""scheduled"":""2023-05-27T16:55:00Z""},""departure"":{""estimated"":""2023-05-27T17:17:45Z"",""scheduled"":""2023-05-27T16:55:02Z""},""diff"":""bad"",""diffMin"":22},{""station"":""Fort Fraser"",""code"":""FFRA"",""estimated"":""2023-05-27T17:54:45Z"",""scheduled"":""2023-05-27T17:32:00Z"",""eta"":""5h14"",""arrival"":{""estimated"":""2023-05-27T17:54:45Z"",""scheduled"":""2023-05-27T17:32:00Z""},""departure"":{""estimated"":""2023-05-27T17:54:45Z"",""scheduled"":""2023-05-27T17:32:02Z""},""diff"":""bad"",""diffMin"":22},{""station"":""Endako"",""code"":""ENDA"",""estimated"":""2023-05-27T18:12:45Z"",""scheduled"":""2023-05-27T17:50:00Z"",""eta"":""5h32"",""arrival"":{""estimated"":""2023-05-27T18:12:45Z"",""scheduled"":""2023-05-27T17:50:00Z""},""departure"":{""estimated"":""2023-05-27T18:12:45Z"",""scheduled"":""2023-05-27T17:50:02Z""},""diff"":""bad"",""diffMin"":22},{""station"":""Burns Lake"",""code"":""BRNL"",""estimated"":""2023-05-27T19:20:45Z"",""scheduled"":""2023-05-27T18:58:00Z"",""eta"":""6h40"",""arrival"":{""estimated"":""2023-05-27T19:20:45Z"",""scheduled"":""2023-05-27T18:58:00Z""},""departure"":{""estimated"":""2023-05-27T19:20:45Z"",""scheduled"":""2023-05-27T18:58:02Z""},""diff"":""bad"",""diffMin"":22},{""station"":""Houston"",""code"":""HOUS"",""estimated"":""2023-05-27T20:30:45Z"",""scheduled"":""2023-05-27T20:08:00Z"",""eta"":""7h50"",""arrival"":{""estimated"":""2023-05-27T20:30:45Z"",""scheduled"":""2023-05-27T20:08:00Z""},""departure"":{""estimated"":""2023-05-27T20:30:45Z"",""scheduled"":""2023-05-27T20:08:02Z""},""diff"":""bad"",""diffMin"":22},{""station"":""Telkwa"",""code"":""TELK"",""estimated"":""2023-05-27T21:14:45Z"",""scheduled"":""2023-05-27T20:52:00Z"",""eta"":""8h34"",""arrival"":{""estimated"":""2023-05-27T21:14:45Z"",""scheduled"":""2023-05-27T20:52:00Z""},""departure"":{""estimated"":""2023-05-27T21:14:45Z"",""scheduled"":""2023-05-27T20:52:02Z""},""diff"":""bad"",""diffMin"":22},{""station"":""Smithers"",""code"":""SMTR"",""estimated"":""2023-05-27T21:32:45Z"",""scheduled"":""2023-05-27T21:10:00Z"",""eta"":""8h52"",""arrival"":{""estimated"":""2023-05-27T21:32:45Z"",""scheduled"":""2023-05-27T21:10:00Z""},""departure"":{""estimated"":""2023-05-27T21:32:45Z"",""scheduled"":""2023-05-27T21:20:00Z""},""diff"":""bad"",""diffMin"":22},{""station"":""New Hazelton"",""code"":""NHAZ"",""estimated"":""2023-05-27T22:59:45Z"",""scheduled"":""2023-05-27T22:37:00Z"",""eta"":""10h19"",""arrival"":{""estimated"":""2023-05-27T22:59:45Z"",""scheduled"":""2023-05-27T22:37:00Z""},""departure"":{""estimated"":""2023-05-27T22:59:45Z"",""scheduled"":""2023-05-27T22:37:02Z""},""diff"":""bad"",""diffMin"":22},{""station"":""Kitwanga"",""code"":""KITW"",""estimated"":""2023-05-27T23:49:45Z"",""scheduled"":""2023-05-27T23:27:00Z"",""eta"":""11h09"",""arrival"":{""estimated"":""2023-05-27T23:49:45Z"",""scheduled"":""2023-05-27T23:27:00Z""},""departure"":{""estimated"":""2023-05-27T23:49:45Z"",""scheduled"":""2023-05-27T23:27:02Z""},""diff"":""bad"",""diffMin"":22},{""station"":""Cedarvale"",""code"":""CEDA"",""estimated"":""2023-05-28T00:13:45Z"",""scheduled"":""2023-05-27T23:51:00Z"",""eta"":""11h33"",""arrival"":{""estimated"":""2023-05-28T00:13:45Z"",""scheduled"":""2023-05-27T23:51:00Z""},""departure"":{""estimated"":""2023-05-28T00:13:45Z"",""scheduled"":""2023-05-27T23:51:02Z""},""diff"":""bad"",""diffMin"":22},{""station"":""Dorreen"",""code"":""DORR"",""estimated"":""2023-05-28T00:34:45Z"",""scheduled"":""2023-05-28T00:12:00Z"",""eta"":""11h54"",""arrival"":{""estimated"":""2023-05-28T00:34:45Z"",""scheduled"":""2023-05-28T00:12:00Z""},""departure"":{""estimated"":""2023-05-28T00:34:45Z"",""scheduled"":""2023-05-28T00:12:02Z""},""diff"":""bad"",""diffMin"":22},{""station"":""Pacific"",""code"":""PACI"",""estimated"":""2023-05-28T00:43:45Z"",""scheduled"":""2023-05-28T00:21:00Z"",""eta"":""12h03"",""arrival"":{""estimated"":""2023-05-28T00:43:45Z"",""scheduled"":""2023-05-28T00:21:00Z""},""departure"":{""estimated"":""2023-05-28T00:43:45Z"",""scheduled"":""2023-05-28T00:21:02Z""},""diff"":""bad"",""diffMin"":22},{""station"":""Usk"",""code"":""USKX"",""estimated"":""2023-05-28T01:02:45Z"",""scheduled"":""2023-05-28T00:40:00Z"",""eta"":""12h22"",""arrival"":{""estimated"":""2023-05-28T01:02:45Z"",""scheduled"":""2023-05-28T00:40:00Z""},""departure"":{""estimated"":""2023-05-28T01:02:45Z"",""scheduled"":""2023-05-28T00:40:02Z""},""diff"":""bad"",""diffMin"":22},{""station"":""Terrace"",""code"":""TRRC"",""estimated"":""2023-05-28T01:22:45Z"",""scheduled"":""2023-05-28T01:00:00Z"",""eta"":""12h42"",""arrival"":{""estimated"":""2023-05-28T01:22:45Z"",""scheduled"":""2023-05-28T01:00:00Z""},""departure"":{""estimated"":""2023-05-28T01:22:45Z"",""scheduled"":""2023-05-28T01:05:00Z""},""diff"":""bad"",""diffMin"":22},{""station"":""Kwinitsa"",""code"":""KWIN"",""estimated"":""2023-05-28T02:31:45Z"",""scheduled"":""2023-05-28T02:09:00Z"",""eta"":""13h51"",""arrival"":{""estimated"":""2023-05-28T02:31:45Z"",""scheduled"":""2023-05-28T02:09:00Z""},""departure"":{""estimated"":""2023-05-28T02:31:45Z"",""scheduled"":""2023-05-28T02:09:02Z""},""diff"":""bad"",""diffMin"":22}]"
"14",47.9601,-66.1501,47,105,"2023-05-27T12:39:38Z",true,false,"MONTRÉAL","HALIFAX","2023-05-26",0,"[{""station"":""Montréal"",""code"":""MTRL"",""estimated"":""2023-05-26T23:00:00Z"",""scheduled"":""2023-05-26T23:00:00Z"",""eta"":""ARR"",""departure"":{""estimated"":""2023-05-26T23:00:00Z"",""scheduled"":""2023-05-26T23:00:00Z""},""diff"":""goo"",""diffMin"":0},{""station"":""St. Lambert"",""code"":""SLAM"",""estimated"":""2023-05-26T23:23:25Z"",""scheduled"":""2023-05-26T23:15:00Z"",""eta"":""ARR"",""arrival"":{""estimated"":""2023-05-26T23:23:25Z"",""scheduled"":""2023-05-26T23:15:00Z""},""departure"":{""estimated"":""2023-05-26T23:23:25Z"",""scheduled"":""2023-05-26T23:25:00Z""},""diff"":""med"",""diffMin"":8},{""station"":""St. Hyacinthe"",""code"":""SHYA"",""estimated"":""2023-05-26T23:58:39Z"",""scheduled"":""2023-05-26T23:53:00Z"",""eta"":""ARR"",""arrival"":{""estimated"":""2023-05-26T23:58:39Z"",""scheduled"":""2023-05-26T23:53:00Z""},""departure"":{""estimated"":""2023-05-26T23:58:39Z"",""scheduled"":""2023-05-26T23:58:00Z""},""diff"":""med"",""diffMin"":5},{""station"":""Drummondville"",""code"":""DRMV"",""estimated"":""2023-05-27T00:35:50Z"",""scheduled"":""2023-05-27T00:37:00Z"",""eta"":""ARR"",""arrival"":{""estimated"":""2023-05-27T00:35:50Z"",""scheduled"":""2023-05-27T00:37:00Z""},""departure"":{""estimated"":""2023-05-27T00:48:17Z"",""scheduled"":""2023-05-27T00:47:00Z""},""diff"":""goo"",""diffMin"":-1},{""station"":""Ste-Foy"",""code"":""SFOY"",""estimated"":""2023-05-27T02:30:35Z"",""scheduled"":""2023-05-27T02:34:00Z"",""eta"":""ARR"",""arrival"":{""estimated"":""2023-05-27T02:30:35Z"",""scheduled"":""2023-05-27T02:34:00Z""},""departure"":{""estimated"":""2023-05-27T02:30:35Z"",""scheduled"":""2023-05-27T02:49:00Z""},""diff"":""goo"",""diffMin"":-3},{""station"":""Montmagny"",""code"":""MMGY"",""estimated"":""2023-05-27T04:24:10Z"",""scheduled"":""2023-05-27T03:40:00Z"",""eta"":""ARR"",""arrival"":{""estimated"":""2023-05-27T04:24:10Z"",""scheduled"":""2023-05-27T03:40:00Z""},""departure"":{""estimated"":""2023-05-27T04:24:10Z"",""scheduled"":""2023-05-27T03:40:02Z""},""diff"":""bad"",""diffMin"":44},{""station"":""La Pocatière"",""code"":""LPOC"",""estimated"":""2023-05-27T04:53:07Z"",""scheduled"":""2023-05-27T04:27:00Z"",""eta"":""ARR"",""arrival"":{""estimated"":""2023-05-27T04:53:07Z"",""scheduled"":""2023-05-27T04:27:00Z""},""departure"":{""estimated"":""2023-05-27T04:53:07Z"",""scheduled"":""2023-05-27T04:28:00Z""},""diff"":""bad"",""diffMin"":26},{""station"":""Rivière-Du-Loup"",""code"":""RDLX"",""estimated"":""2023-05-27T05:37:10Z"",""scheduled"":""2023-05-27T05:08:00Z"",""eta"":""ARR"",""arrival"":{""estimated"":""2023-05-27T05:37:10Z"",""scheduled"":""2023-05-27T05:08:00Z""},""departure"":{""estimated"":""2023-05-27T05:37:10Z"",""scheduled"":""2023-05-27T05:13:00Z""},""diff"":""bad"",""diffMin"":29},{""station"":""Trois Pistoles"",""code"":""TPIS"",""estimated"":""2023-05-27T06:25:03Z"",""scheduled"":""2023-05-27T05:52:00Z"",""eta"":""ARR"",""arrival"":{""estimated"":""2023-05-27T06:25:03Z"",""scheduled"":""2023-05-27T05:52:00Z""},""departure"":{""estimated"":""2023-05-27T06:25:03Z"",""scheduled"":""2023-05-27T05:55:00Z""},""diff"":""bad"",""diffMin"":33},{""station"":""Rimouski"",""code"":""RMSK"",""estimated"":""2023-05-27T07:40:21Z"",""scheduled"":""2023-05-27T06:54:00Z"",""eta"":""ARR"",""arrival"":{""estimated"":""2023-05-27T07:40:21Z"",""scheduled"":""2023-05-27T06:54:00Z""},""departure"":{""estimated"":""2023-05-27T07:40:21Z"",""scheduled"":""2023-05-27T07:01:00Z""},""diff"":""bad"",""diffMin"":46},{""station"":""Mont-Joli"",""code"":""MJLI"",""estimated"":""2023-05-27T08:12:26Z"",""scheduled"":""2023-05-27T07:34:00Z"",""eta"":""ARR"",""arrival"":{""estimated"":""2023-05-27T08:12:26Z"",""scheduled"":""2023-05-27T07:34:00Z""},""departure"":{""estimated"":""2023-05-27T08:12:26Z"",""scheduled"":""2023-05-27T07:39:00Z""},""diff"":""bad"",""diffMin"":38},{""station"":""Sayabec"",""code"":""SAYA"",""estimated"":""2023-05-27T09:17:01Z"",""scheduled"":""2023-05-27T08:39:00Z"",""eta"":""ARR"",""arrival"":{""estimated"":""2023-05-27T09:17:01Z"",""scheduled"":""2023-05-27T08:39:00Z""},""departure"":{""estimated"":""2023-05-27T09:17:01Z"",""scheduled"":""2023-05-27T08:40:00Z""},""diff"":""bad"",""diffMin"":38},{""station"":""Amqui"",""code"":""AMQU"",""estimated"":""2023-05-27T09:43:39Z"",""scheduled"":""2023-05-27T09:00:00Z"",""eta"":""ARR"",""arrival"":{""estimated"":""2023-05-27T09:43:39Z"",""scheduled"":""2023-05-27T09:00:00Z""},""departure"":{""estimated"":""2023-05-27T09:43:39Z"",""scheduled"":""2023-05-27T09:03:00Z""},""diff"":""bad"",""diffMin"":43},{""station"":""Causapscal"",""code"":""CAUS"",""estimated"":""2023-05-27T10:02:12Z"",""scheduled"":""2023-05-27T09:22:00Z"",""eta"":""ARR"",""arrival"":{""estimated"":""2023-05-27T10:02:12Z"",""scheduled"":""2023-05-27T09:22:00Z""},""departure"":{""estimated"":""2023-05-27T10:02:12Z"",""scheduled"":""2023-05-27T09:23:00Z""},""diff"":""bad"",""diffMin"":40},{""station"":""Matapedia"",""code"":""MTPD"",""estimated"":""2023-05-27T10:55:27Z"",""scheduled"":""2023-05-27T10:08:00Z"",""eta"":""ARR"",""arrival"":{""estimated"":""2023-05-27T10:55:27Z"",""scheduled"":""2023-05-27T10:08:00Z""},""departure"":{""estimated"":""2023-05-27T10:55:27Z"",""scheduled"":""2023-05-27T10:10:00Z""},""diff"":""bad"",""diffMin"":47},{""station"":""Campbellton"",""code"":""CBTN"",""estimated"":""2023-05-27T11:30:50Z"",""scheduled"":""2023-05-27T10:38:00Z"",""eta"":""ARR"",""arrival"":{""estimated"":""2023-05-27T11:30:50Z"",""scheduled"":""2023-05-27T10:38:00Z""},""departure"":{""estimated"":""2023-05-27T11:30:50Z"",""scheduled"":""2023-05-27T10:48:00Z""},""diff"":""bad"",""diffMin"":52},{""station"":""Charlo"",""code"":""CHLO"",""estimated"":""2023-05-27T12:24:10Z"",""scheduled"":""2023-05-27T11:21:00Z"",""eta"":""ARR"",""arrival"":{""estimated"":""2023-05-27T12:24:10Z"",""scheduled"":""2023-05-27T11:21:00Z""},""departure"":{""estimated"":""2023-05-27T12:24:10Z"",""scheduled"":""2023-05-27T11:23:00Z""},""diff"":""bad"",""diffMin"":63},{""station"":""Jacquet River"",""code"":""JACR"",""estimated"":""2023-05-27T12:50:20Z"",""scheduled"":""2023-05-27T11:45:00Z"",""eta"":""10 mins"",""arrival"":{""estimated"":""2023-05-27T12:50:20Z"",""scheduled"":""2023-05-27T11:45:00Z""},""departure"":{""estimated"":""2023-05-27T12:50:20Z"",""scheduled"":""2023-05-27T11:47:00Z""},""diff"":""bad"",""diffMin"":65},{""station"":""Petit Rocher"",""code"":""PROC"",""estimated"":""2023-05-27T13:13:20Z"",""scheduled"":""2023-05-27T12:08:00Z"",""eta"":""33 mins"",""arrival"":{""estimated"":""2023-05-27T13:13:20Z"",""scheduled"":""2023-05-27T12:08:00Z""},""departure"":{""estimated"":""2023-05-27T13:13:20Z"",""scheduled"":""2023-05-27T12:10:00Z""},""diff"":""bad"",""diffMin"":65},{""station"":""Bathurst"",""code"":""BTRS"",""estimated"":""2023-05-27T13:32:20Z"",""scheduled"":""2023-05-27T12:27:00Z"",""eta"":""52 mins"",""arrival"":{""estimated"":""2023-05-27T13:32:20Z"",""scheduled"":""2023-05-27T12:27:00Z""},""departure"":{""estimated"":""2023-05-27T13:32:20Z"",""scheduled"":""2023-05-27T12:37:00Z""},""diff"":""bad"",""diffMin"":65},{""station"":""Miramichi"",""code"":""MIRA"",""estimated"":""2023-05-27T15:23:20Z"",""scheduled"":""2023-05-27T14:18:00Z"",""eta"":""2h43"",""arrival"":{""estimated"":""2023-05-27T15:23:20Z"",""scheduled"":""2023-05-27T14:18:00Z""},""departure"":{""estimated"":""2023-05-27T15:23:20Z"",""scheduled"":""2023-05-27T14:23:00Z""},""diff"":""bad"",""diffMin"":65},{""station"":""Rogersville"",""code"":""RGRV"",""estimated"":""2023-05-27T16:18:20Z"",""scheduled"":""2023-05-27T15:13:00Z"",""eta"":""3h38"",""arrival"":{""estimated"":""2023-05-27T16:18:20Z"",""scheduled"":""2023-05-27T15:13:00Z""},""departure"":{""estimated"":""2023-05-27T16:18:20Z"",""scheduled"":""2023-05-27T15:15:00Z""},""diff"":""bad"",""diffMin"":65},{""station"":""Moncton"",""code"":""MCTN"",""estimated"":""2023-05-27T17:28:20Z"",""scheduled"":""2023-05-27T16:23:00Z"",""eta"":""4h48"",""arrival"":{""estimated"":""2023-05-27T17:28:20Z"",""scheduled"":""2023-05-27T16:23:00Z""},""departure"":{""estimated"":""2023-05-27T17:28:20Z"",""scheduled"":""2023-05-27T16:38:00Z""},""diff"":""bad"",""diffMin"":65},{""station"":""Sackville"",""code"":""SACK"",""estimated"":""2023-05-27T18:28:20Z"",""scheduled"":""2023-05-27T17:23:00Z"",""eta"":""5h48"",""arrival"":{""estimated"":""2023-05-27T18:28:20Z"",""scheduled"":""2023-05-27T17:23:00Z""},""departure"":{""estimated"":""2023-05-27T18:28:20Z"",""scheduled"":""2023-05-27T17:26:00Z""},""diff"":""bad"",""diffMin"":65},{""station"":""Amherst"",""code"":""AMHS"",""estimated"":""2023-05-27T18:44:20Z"",""scheduled"":""2023-05-27T17:39:00Z"",""eta"":""6h04"",""arrival"":{""estimated"":""2023-05-27T18:44:20Z"",""scheduled"":""2023-05-27T17:39:00Z""},""departure"":{""estimated"":""2023-05-27T18:44:20Z"",""scheduled"":""2023-05-27T17:42:00Z""},""diff"":""bad"",""diffMin"":65},{""station"":""Springhill Jct"",""code"":""SPRJ"",""estimated"":""2023-05-27T19:08:20Z"",""scheduled"":""2023-05-27T18:03:00Z"",""eta"":""6h28"",""arrival"":{""estimated"":""2023-05-27T19:08:20Z"",""scheduled"":""2023-05-27T18:03:00Z""},""departure"":{""estimated"":""2023-05-27T19:08:20Z"",""scheduled"":""2023-05-27T18:03:02Z""},""diff"":""bad"",""diffMin"":65},{""station"":""Truro"",""code"":""TRUR"",""estimated"":""2023-05-27T20:22:20Z"",""scheduled"":""2023-05-27T19:17:00Z"",""eta"":""7h42"",""arrival"":{""estimated"":""2023-05-27T20:22:20Z"",""scheduled"":""2023-05-27T19:17:00Z""},""departure"":{""estimated"":""2023-05-27T20:22:20Z"",""scheduled"":""2023-05-27T19:22:00Z""},""diff"":""bad"",""diffMin"":65},{""station"":""Halifax"",""code"":""HLFX"",""estimated"":""2023-05-27T21:56:20Z"",""scheduled"":""2023-05-27T20:51:00Z"",""eta"":""9h16"",""arrival"":{""estimated"":""2023-05-27T21:56:20Z"",""scheduled"":""2023-05-27T20:51:00Z""},""diff"":""bad"",""diffMin"":65}]"
"97",,,,,,true,false,"TORONTO","NIAGARA FALLS","2023-05-27",,"[{""station"":""Oakville"",""code"":""OAKV"",""estimated"":""&mdash;"",""scheduled"":""2023-05-27T12:44:00Z"",""eta"":""&mdash;"",""arrival"":{""estimated"":null,""scheduled"":""2023-05-27T12:44:00Z""},""departure"":{""estimated"":null,""scheduled"":""2023-05-27T12:45:00Z""}},{""station"":""Aldershot"",""code"":""ALDR"",""estimated"":""&mdash;"",""scheduled"":""2023-05-27T13:00:00Z"",""eta"":""&mdash;"",""arrival"":{""estimated"":null,""scheduled"":""2023-05-27T13:00:00Z""},""departure"":{""estimated"":null,""scheduled"":""2023-05-27T13:01:00Z""}},{""station"":""Grimsby"",""code"":""GRIM"",""estimated"":""&mdash;"",""scheduled"":""2023-05-27T13:37:00Z"",""eta"":""&mdash;"",""arrival"":{""estimated"":null,""scheduled"":""2023-05-27T13:37:00Z""},""departure"":{""estimated"":null,""scheduled"":""2023-05-27T13:38:00Z""}},{""station"":""St. Catharines"",""code"":""SCAT"",""estimated"":""&mdash;"",""scheduled"":""2023-05-27T13:57:00Z"",""eta"":""&mdash;"",""arrival"":{""estimated"":null,""scheduled"":""2023-05-27T13:57:00Z""},""departure"":{""estimated"":null,""scheduled"":""2023-05-27T13:58:00Z""}},{""station"":""Niagara Falls"",""code"":""NIAG"",""estimated"":""&mdash;"",""scheduled"":""2023-05-27T14:20:00Z"",""eta"":""&mdash;"",""arrival"":{""estimated"":null,""scheduled"":""2023-05-27T14:20:00Z""}}]"
"76",,,,,,false,false,"WINDSOR","TORONTO","2023-05-27",,"[{""station"":""Windsor"",""code"":""WDON"",""estimated"":""&mdash;"",""scheduled"":""2023-05-27T17:46:00Z"",""eta"":""&mdash;"",""departure"":{""estimated"":null,""scheduled"":""2023-05-27T17:46:00Z""}},{""station"":""Chatham"",""code"":""CHAT"",""estimated"":""&mdash;"",""scheduled"":""2023-05-27T18:28:00Z"",""eta"":""&mdash;"",""arrival"":{""estimated"":null,""scheduled"":""2023-05-27T18:28:00Z""},""departure"":{""estimated"":null,""scheduled"":""2023-05-27T18:31:00Z""}},{""station"":""Glencoe"",""code"":""GLNC"",""estimated"":""&mdash;"",""scheduled"":""2023-05-27T19:03:00Z"",""eta"":""&mdash;"",""arrival"":{""estimated"":null,""scheduled"":""2023-05-27T19:03:00Z""},""departure"":{""estimated"":null,""scheduled"":""2023-05-27T19:04:00Z""}},{""station"":""London"",""code"":""LNDN"",""estimated"":""&mdash;"",""scheduled"":""2023-05-27T19:38:00Z"",""eta"":""&mdash;"",""arrival"":{""estimated"":null,""scheduled"":""2023-05-27T19:38:00Z""},""departure"":{""estimated"":null,""scheduled"":""2023-05-27T19:44:00Z""}},{""station"":""Brantford"",""code"":""BRTF"",""estimated"":""&mdash;"",""scheduled"":""2023-05-27T20:39:00Z"",""eta"":""&mdash;"",""arrival"":{""estimated"":null,""scheduled"":""2023-05-27T20:39:00Z""},""departure"":{""estimated"":null,""scheduled"":""2023-05-27T20:41:00Z""}},{""station"":""Aldershot"",""code"":""ALDR"",""estimated"":""&mdash;"",""scheduled"":""2023-05-27T21:10:00Z"",""eta"":""&mdash;"",""arrival"":{""estimated"":null,""scheduled"":""2023-05-27T21:10:00Z""},""departure"":{""estimated"":null,""scheduled"":""2023-05-27T21:14:00Z""}},{""station"":""Oakville"",""code"":""OAKV"",""estimated"":""&mdash;"",""scheduled"":""2023-05-27T21:27:00Z"",""eta"":""&mdash;"",""arrival"":{""estimated"":null,""scheduled"":""2023-05-27T21:27:00Z""},""departure"":{""estimated"":null,""scheduled"":""2023-05-27T21:29:00Z""}},{""station"":""Toronto"",""code"":""TRTO"",""estimated"":""&mdash;"",""scheduled"":""2023-05-27T21:53:00Z"",""eta"":""&mdash;"",""arrival"":{""estimated"":null,""scheduled"":""2023-05-27T21:53:00Z""}}]"
"71",43.1992,-80.3894,59,304,"2023-05-27T12:39:44Z",true,false,"TORONTO","WINDSOR","2023-05-27",0,"[{""station"":""Toronto"",""code"":""TRTO"",""estimated"":""2023-05-27T10:50:00Z"",""scheduled"":""2023-05-27T10:50:00Z"",""eta"":""ARR"",""departure"":{""estimated"":""2023-05-27T10:50:00Z"",""scheduled"":""2023-05-27T10:50:00Z""},""diff"":""goo"",""diffMin"":0},{""station"":""Oakville"",""code"":""OAKV"",""estimated"":""2023-05-27T11:31:06Z"",""scheduled"":""2023-05-27T11:13:00Z"",""eta"":""ARR"",""arrival"":{""estimated"":""2023-05-27T11:31:06Z"",""scheduled"":""2023-05-27T11:13:00Z""},""departure"":{""estimated"":""2023-05-27T11:31:06Z"",""scheduled"":""2023-05-27T11:15:00Z""},""diff"":""bad"",""diffMin"":18},{""station"":""Aldershot"",""code"":""ALDR"",""estimated"":""2023-05-27T11:58:26Z"",""scheduled"":""2023-05-27T11:29:00Z"",""eta"":""ARR"",""arrival"":{""estimated"":""2023-05-27T11:58:26Z"",""scheduled"":""2023-05-27T11:29:00Z""},""departure"":{""estimated"":""2023-05-27T11:58:26Z"",""scheduled"":""2023-05-27T11:31:00Z""},""diff"":""bad"",""diffMin"":29},{""station"":""Brantford"",""code"":""BRTF"",""estimated"":""2023-05-27T12:28:59Z"",""scheduled"":""2023-05-27T11:55:00Z"",""eta"":""ARR"",""arrival"":{""estimated"":""2023-05-27T12:28:59Z"",""scheduled"":""2023-05-27T11:55:00Z""},""departure"":{""estimated"":""2023-05-27T12:28:59Z"",""scheduled"":""2023-05-27T11:59:00Z""},""diff"":""bad"",""diffMin"":33},{""station"":""Woodstock"",""code"":""WDST"",""estimated"":""2023-05-27T13:01:09Z"",""scheduled"":""2023-05-27T12:30:00Z"",""eta"":""21 mins"",""arrival"":{""estimated"":""2023-05-27T13:01:09Z"",""scheduled"":""2023-05-27T12:30:00Z""},""departure"":{""estimated"":""2023-05-27T13:01:09Z"",""scheduled"":""2023-05-27T12:31:00Z""},""diff"":""bad"",""diffMin"":31},{""station"":""Ingersoll"",""code"":""INGR"",""estimated"":""2023-05-27T13:14:09Z"",""scheduled"":""2023-05-27T12:43:00Z"",""eta"":""34 mins"",""arrival"":{""estimated"":""2023-05-27T13:14:09Z"",""scheduled"":""2023-05-27T12:43:00Z""},""departure"":{""estimated"":""2023-05-27T13:14:09Z"",""scheduled"":""2023-05-27T12:44:00Z""},""diff"":""bad"",""diffMin"":31},{""station"":""London"",""code"":""LNDN"",""estimated"":""2023-05-27T13:37:09Z"",""scheduled"":""2023-05-27T13:06:00Z"",""eta"":""57 mins"",""arrival"":{""estimated"":""2023-05-27T13:37:09Z"",""scheduled"":""2023-05-27T13:06:00Z""},""departure"":{""estimated"":""2023-05-27T13:37:09Z"",""scheduled"":""2023-05-27T13:11:00Z""},""diff"":""bad"",""diffMin"":31},{""station"":""Glencoe"",""code"":""GLNC"",""estimated"":""2023-05-27T14:10:09Z"",""scheduled"":""2023-05-27T13:39:00Z"",""eta"":""1h30"",""arrival"":{""estimated"":""2023-05-27T14:10:09Z"",""scheduled"":""2023-05-27T13:39:00Z""},""departure"":{""estimated"":""2023-05-27T14:10:09Z"",""scheduled"":""2023-05-27T13:40:00Z""},""diff"":""bad"",""diffMin"":31},{""station"":""Chatham"",""code"":""CHAT"",""estimated"":""2023-05-27T14:49:09Z"",""scheduled"":""2023-05-27T14:18:00Z"",""eta"":""2h09"",""arrival"":{""estimated"":""2023-05-27T14:49:09Z"",""scheduled"":""2023-05-27T14:18:00Z""},""departure"":{""estimated"":""2023-05-27T14:49:09Z"",""scheduled"":""2023-05-27T14:19:00Z""},""diff"":""bad"",""diffMin"":31},{""station"":""Windsor"",""code"":""WDON"",""estimated"":""2023-05-27T15:39:09Z"",""scheduled"":""2023-05-27T15:08:00Z"",""eta"":""2h59"",""arrival"":{""estimated"":""2023-05-27T15:39:09Z"",""scheduled"":""2023-05-27T15:08:00Z""},""diff"":""bad"",""diffMin"":31}]"
"67",,,,,,false,false,"MONTRÉAL","TORONTO","2023-05-27",,"[{""station"":""Montréal"",""code"":""MTRL"",""estimated"":""&mdash;"",""scheduled"":""2023-05-27T17:23:00Z"",""eta"":""&mdash;"",""departure"":{""estimated"":null,""scheduled"":""2023-05-27T17:23:00Z""}},{""station"":""Dorval"",""code"":""DORV"",""estimated"":""&mdash;"",""scheduled"":""2023-05-27T17:44:00Z"",""eta"":""&mdash;"",""arrival"":{""estimated"":null,""scheduled"":""2023-05-27T17:44:00Z""},""departure"":{""estimated"":null,""scheduled"":""2023-05-27T17:47:00Z""}},{""station"":""Cornwall"",""code"":""CWLL"",""estimated"":""&mdash;"",""scheduled"":""2023-05-27T18:34:00Z"",""eta"":""&mdash;"",""arrival"":{""estimated"":null,""scheduled"":""2023-05-27T18:34:00Z""},""departure"":{""estimated"":null,""scheduled"":""2023-05-27T18:36:00Z""}},{""station"":""Kingston"",""code"":""KGON"",""estimated"":""&mdash;"",""scheduled"":""2023-05-27T19:58:00Z"",""eta"":""&mdash;"",""arrival"":{""estimated"":null,""scheduled"":""2023-05-27T19:58:00Z""},""departure"":{""estimated"":null,""scheduled"":""2023-05-27T20:02:00Z""}},{""station"":""Belleville"",""code"":""BLVL"",""estimated"":""&mdash;"",""scheduled"":""2023-05-27T20:40:00Z"",""eta"":""&mdash;"",""arrival"":{""estimated"":null,""scheduled"":""2023-05-27T20:40:00Z""},""departure"":{""estimated"":null,""scheduled"":""2023-05-27T20:42:00Z""}},{""station"":""Cobourg"",""code"":""CBRG"",""estimated"":""&mdash;"",""scheduled"":""2023-05-27T21:19:00Z"",""eta"":""&mdash;"",""arrival"":{""estimated"":null,""scheduled"":""2023-05-27T21:19:00Z""},""departure"":{""estimated"":null,""scheduled"":""2023-05-27T21:21:00Z""}},{""station"":""Oshawa"",""code"":""OSHA"",""estimated"":""&mdash;"",""scheduled"":""2023-05-27T21:54:00Z"",""eta"":""&mdash;"",""arrival"":{""estimated"":null,""scheduled"":""2023-05-27T21:54:00Z""},""departure"":{""estimated"":null,""scheduled"":""2023-05-27T21:56:00Z""}},{""station"":""Toronto"",""code"":""TRTO"",""estimated"":""&mdash;"",""scheduled"":""2023-05-27T22:33:00Z"",""eta"":""&mdash;"",""arrival"":{""estimated"":null,""scheduled"":""2023-05-27T22:33:00Z""}}]"
"61",44.7744,-75.4418,152,234,"2023-05-27T12:39:40Z",true,false,"MONTRÉAL","TORONTO","2023-05-27",0,"[{""station"":""Montréal"",""code"":""MTRL"",""estimated"":""2023-05-27T10:51:00Z"",""scheduled"":""2023-05-27T10:51:00Z"",""eta"":""ARR"",""departure"":{""estimated"":""2023-05-27T10:51:00Z"",""scheduled"":""2023-05-27T10:51:00Z""},""diff"":""goo"",""diffMin"":0},{""station"":""Dorval"",""code"":""DORV"",""estimated"":""2023-05-27T11:13:30Z"",""scheduled"":""2023-05-27T11:13:00Z"",""eta"":""ARR"",""arrival"":{""estimated"":""2023-05-27T11:13:30Z"",""scheduled"":""2023-05-27T11:13:00Z""},""departure"":{""estimated"":""2023-05-27T11:13:30Z"",""scheduled"":""2023-05-27T11:18:00Z""},""diff"":""goo"",""diffMin"":0},{""station"":""Cornwall"",""code"":""CWLL"",""estimated"":""2023-05-27T12:07:38Z"",""scheduled"":""2023-05-27T12:07:00Z"",""eta"":""ARR"",""arrival"":{""estimated"":""2023-05-27T12:07:38Z"",""scheduled"":""2023-05-27T12:07:00Z""},""departure"":{""estimated"":""2023-05-27T12:07:38Z"",""scheduled"":""2023-05-27T12:09:00Z""},""diff"":""goo"",""diffMin"":0},{""station"":""Kingston"",""code"":""KGON"",""estimated"":""2023-05-27T13:36:19Z"",""scheduled"":""2023-05-27T13:35:00Z"",""eta"":""56 mins"",""arrival"":{""estimated"":""2023-05-27T13:36:19Z"",""scheduled"":""2023-05-27T13:35:00Z""},""departure"":{""estimated"":""2023-05-27T13:39:19Z"",""scheduled"":""2023-05-27T13:38:00Z""},""diff"":""goo"",""diffMin"":1},{""station"":""Belleville"",""code"":""BLVL"",""estimated"":""2023-05-27T14:16:19Z"",""scheduled"":""2023-05-27T14:15:00Z"",""eta"":""1h36"",""arrival"":{""estimated"":""2023-05-27T14:16:19Z"",""scheduled"":""2023-05-27T14:15:00Z""},""departure"":{""estimated"":""2023-05-27T14:16:19Z"",""scheduled"":""2023-05-27T14:16:00Z""},""diff"":""goo"",""diffMin"":1},{""station"":""Oshawa"",""code"":""OSHA"",""estimated"":""2023-05-27T15:24:19Z"",""scheduled"":""2023-05-27T15:23:00Z"",""eta"":""2h44"",""arrival"":{""estimated"":""2023-05-27T15:24:19Z"",""scheduled"":""2023-05-27T15:23:00Z""},""departure"":{""estimated"":""2023-05-27T15:26:19Z"",""scheduled"":""2023-05-27T15:25:00Z""},""diff"":""goo"",""diffMin"":1},{""station"":""Toronto"",""code"":""TRTO"",""estimated"":""2023-05-27T16:04:19Z"",""scheduled"":""2023-05-27T16:03:00Z"",""eta"":""3h24"",""arrival"":{""estimated"":""2023-05-27T16:04:19Z"",""scheduled"":""2023-05-27T16:03:00Z""},""diff"":""goo"",""diffMin"":1}]"
"24",,,,,,false,false,"OTTAWA","QUÉBEC","2023-05-27",,"[{""station"":""Ottawa"",""code"":""OTTW"",""estimated"":""&mdash;"",""scheduled"":""2023-05-27T14:15:00Z"",""eta"":""&mdash;"",""departure"":{""estimated"":null,""scheduled"":""2023-05-27T14:15:00Z""}},{""station"":""Alexandria"",""code"":""ALEX"",""estimated"":""&mdash;"",""scheduled"":""2023-05-27T15:05:00Z"",""eta"":""&mdash;"",""arrival"":{""estimated"":null,""scheduled"":""2023-05-27T15:05:00Z""},""departure"":{""estimated"":null,""scheduled"":""2023-05-27T15:07:00Z""}},{""station"":""Coteau"",""code"":""COTO"",""estimated"":""&mdash;"",""scheduled"":""2023-05-27T15:32:00Z"",""eta"":""&mdash;"",""arrival"":{""estimated"":null,""scheduled"":""2023-05-27T15:32:00Z""},""departure"":{""estimated"":null,""scheduled"":""2023-05-27T15:33:00Z""}},{""station"":""Dorval"",""code"":""DORV"",""estimated"":""&mdash;"",""scheduled"":""2023-05-27T15:53:00Z"",""eta"":""&mdash;"",""arrival"":{""estimated"":null,""scheduled"":""2023-05-27T15:53:00Z""},""departure"":{""estimated"":null,""scheduled"":""2023-05-27T15:55:00Z""}},{""station"":""Montréal"",""code"":""MTRL"",""estimated"":""&mdash;"",""scheduled"":""2023-05-27T16:15:00Z"",""eta"":""&mdash;"",""arrival"":{""estimated"":null,""scheduled"":""2023-05-27T16:15:00Z""},""departure"":{""estimated"":""2023-05-27T16:45:00Z"",""scheduled"":""2023-05-27T16:45:00Z""}},{""station"":""St. Lambert"",""code"":""SLAM"",""estimated"":""2023-05-27T17:06:00Z"",""scheduled"":""2023-05-27T17:06:00Z"",""eta"":""4h26"",""arrival"":{""estimated"":""2023-05-27T17:06:00Z"",""scheduled"":""2023-05-27T17:06:00Z""},""departure"":{""estimated"":""2023-05-27T17:08:00Z"",""scheduled"":""2023-05-27T17:08:00Z""},""diff"":""goo"",""diffMin"":0},{""station"":""St. Hyacinthe"",""code"":""SHYA"",""estimated"":""2023-05-27T17:34:00Z"",""scheduled"":""2023-05-27T17:34:00Z"",""eta"":""4h54"",""arrival"":{""estimated"":""2023-05-27T17:34:00Z"",""scheduled"":""2023-05-27T17:34:00Z""},""departure"":{""estimated"":""2023-05-27T17:35:00Z"",""scheduled"":""2023-05-27T17:35:00Z""},""diff"":""goo"",""diffMin"":0},{""station"":""Drummondville"",""code"":""DRMV"",""estimated"":""2023-05-27T18:01:00Z"",""scheduled"":""2023-05-27T18:01:00Z"",""eta"":""5h21"",""arrival"":{""estimated"":""2023-05-27T18:01:00Z"",""scheduled"":""2023-05-27T18:01:00Z""},""departure"":{""estimated"":""2023-05-27T18:03:00Z"",""scheduled"":""2023-05-27T18:03:00Z""},""diff"":""goo"",""diffMin"":0},{""station"":""Charny"",""code"":""CHNY"",""estimated"":""2023-05-27T19:45:00Z"",""scheduled"":""2023-05-27T19:45:00Z"",""eta"":""7h05"",""arrival"":{""estimated"":""2023-05-27T19:45:00Z"",""scheduled"":""2023-05-27T19:45:00Z""},""departure"":{""estimated"":""2023-05-27T19:46:00Z"",""scheduled"":""2023-05-27T19:46:00Z""},""diff"":""goo"",""diffMin"":0},{""station"":""Ste-Foy"",""code"":""SFOY"",""estimated"":""2023-05-27T19:52:00Z"",""scheduled"":""2023-05-27T19:52:00Z"",""eta"":""7h12"",""arrival"":{""estimated"":""2023-05-27T19:52:00Z"",""scheduled"":""2023-05-27T19:52:00Z""},""departure"":{""estimated"":""2023-05-27T19:54:00Z"",""scheduled"":""2023-05-27T19:54:00Z""},""diff"":""goo"",""diffMin"":0},{""station"":""Québec"",""code"":""QBEC"",""estimated"":""2023-05-27T20:18:00Z"",""scheduled"":""2023-05-27T20:18:00Z"",""eta"":""7h38"",""arrival"":{""estimated"":""2023-05-27T20:18:00Z"",""scheduled"":""2023-05-27T20:18:00Z""},""diff"":""goo"",""diffMin"":0}]"
"47",,,,,,false,false,"OTTAWA","TORONTO","2023-05-27",,"[{""station"":""Ottawa"",""code"":""OTTW"",""estimated"":""&mdash;"",""scheduled"":""2023-05-27T16:31:00Z"",""eta"":""&mdash;"",""departure"":{""estimated"":null,""scheduled"":""2023-05-27T16:31:00Z""}},{""station"":""Fallowfield"",""code"":""FALL"",""estimated"":""&mdash;"",""scheduled"":""2023-05-27T16:48:00Z"",""eta"":""&mdash;"",""arrival"":{""estimated"":null,""scheduled"":""2023-05-27T16:48:00Z""},""departure"":{""estimated"":null,""scheduled"":""2023-05-27T16:52:00Z""}},{""station"":""Brockville"",""code"":""BRKV"",""estimated"":""&mdash;"",""scheduled"":""2023-05-27T17:56:00Z"",""eta"":""&mdash;"",""arrival"":{""estimated"":null,""scheduled"":""2023-05-27T17:56:00Z""},""departure"":{""estimated"":null,""scheduled"":""2023-05-27T17:59:00Z""}},{""station"":""Gananoque"",""code"":""GANA"",""estimated"":""&mdash;"",""scheduled"":""2023-05-27T18:23:00Z"",""eta"":""&mdash;"",""arrival"":{""estimated"":null,""scheduled"":""2023-05-27T18:23:00Z""},""departure"":{""estimated"":null,""scheduled"":""2023-05-27T18:25:00Z""}},{""station"":""Kingston"",""code"":""KGON"",""estimated"":""&mdash;"",""scheduled"":""2023-05-27T18:44:00Z"",""eta"":""&mdash;"",""arrival"":{""estimated"":null,""scheduled"":""2023-05-27T18:44:00Z""},""departure"":{""estimated"":null,""scheduled"":""2023-05-27T18:48:00Z""}},{""station"":""Belleville"",""code"":""BLVL"",""estimated"":""&mdash;"",""scheduled"":""2023-05-27T19:28:00Z"",""eta"":""&mdash;"",""arrival"":{""estimated"":null,""scheduled"":""2023-05-27T19:28:00Z""},""departure"":{""estimated"":null,""scheduled"":""2023-05-27T19:31:00Z""}},{""station"":""Oshawa"",""code"":""OSHA"",""estimated"":""&mdash;"",""scheduled"":""2023-05-27T20:38:00Z"",""eta"":""&mdash;"",""arrival"":{""estimated"":null,""scheduled"":""2023-05-27T20:38:00Z""},""departure"":{""estimated"":null,""scheduled"":""2023-05-27T20:41:00Z""}},{""station"":""Toronto"",""code"":""TRTO"",""estimated"":""&mdash;"",""scheduled"":""2023-05-27T21:18:00Z"",""eta"":""&mdash;"",""arrival"":{""estimated"":null,""scheduled"":""2023-05-27T21:18:00Z""}}]"
"622",,,,,,false,false,"MONTRÉAL","QUÉBEC","2023-05-27",,"[{""station"":""Montréal"",""code"":""MTRL"",""estimated"":""&mdash;"",""scheduled"":""2023-05-27T13:06:00Z"",""eta"":""&mdash;"",""departure"":{""estimated"":null,""scheduled"":""2023-05-27T13:06:00Z""}},{""station"":""St. Lambert"",""code"":""SLAM"",""estimated"":""&mdash;"",""scheduled"":""2023-05-27T13:17:00Z"",""eta"":""&mdash;"",""arrival"":{""estimated"":null,""scheduled"":""2023-05-27T13:17:00Z""},""departure"":{""estimated"":null,""scheduled"":""2023-05-27T13:18:00Z""}},{""station"":""St. Hyacinthe"",""code"":""SHYA"",""estimated"":""&mdash;"",""scheduled"":""2023-05-27T13:43:00Z"",""eta"":""&mdash;"",""arrival"":{""estimated"":null,""scheduled"":""2023-05-27T13:43:00Z""},""departure"":{""estimated"":null,""scheduled"":""2023-05-27T13:43:02Z""}},{""station"":""Drummondville"",""code"":""DRMV"",""estimated"":""&mdash;"",""scheduled"":""2023-05-27T14:10:00Z"",""eta"":""&mdash;"",""arrival"":{""estimated"":null,""scheduled"":""2023-05-27T14:10:00Z""},""departure"":{""estimated"":null,""scheduled"":""2023-05-27T14:12:00Z""}},{""station"":""Ste-Foy"",""code"":""SFOY"",""estimated"":""&mdash;"",""scheduled"":""2023-05-27T15:54:00Z"",""eta"":""&mdash;"",""arrival"":{""estimated"":null,""scheduled"":""2023-05-27T15:54:00Z""},""departure"":{""estimated"":null,""scheduled"":""2023-05-27T15:57:00Z""}},{""station"":""Québec"",""code"":""QBEC"",""estimated"":""&mdash;"",""scheduled"":""2023-05-27T16:22:00Z"",""eta"":""&mdash;"",""arrival"":{""estimated"":null,""scheduled"":""2023-05-27T16:22:00Z""}}]"
"72",,,,,,false,false,"WINDSOR","TORONTO","2023-05-27",,"[{""station"":""Windsor"",""code"":""WDON"",""estimated"":""&mdash;"",""scheduled"":""2023-05-27T12:43:00Z"",""eta"":""&mdash;"",""departure"":{""estimated"":null,""scheduled"":""2023-05-27T12:43:00Z""}},{""station"":""Chatham"",""code"":""CHAT"",""estimated"":""&mdash;"",""scheduled"":""2023-05-27T13:25:00Z"",""eta"":""&mdash;"",""arrival"":{""estimated"":null,""scheduled"":""2023-05-27T13:25:00Z""},""departure"":{""estimated"":null,""scheduled"":""2023-05-27T13:28:00Z""}},{""station"":""Glencoe"",""code"":""GLNC"",""estimated"":""&mdash;"",""scheduled"":""2023-05-27T14:04:00Z"",""eta"":""&mdash;"",""arrival"":{""estimated"":null,""scheduled"":""2023-05-27T14:04:00Z""},""departure"":{""estimated"":null,""scheduled"":""2023-05-27T14:05:00Z""}},{""station"":""London"",""code"":""LNDN"",""estimated"":""&mdash;"",""scheduled"":""2023-05-27T14:38:00Z"",""eta"":""&mdash;"",""arrival"":{""estimated"":null,""scheduled"":""2023-05-27T14:38:00Z""},""departure"":{""estimated"":null,""scheduled"":""2023-05-27T14:44:00Z""}},{""station"":""Ingersoll"",""code"":""INGR"",""estimated"":""&mdash;"",""scheduled"":""2023-05-27T15:04:00Z"",""eta"":""&mdash;"",""arrival"":{""estimated"":null,""scheduled"":""2023-05-27T15:04:00Z""},""departure"":{""estimated"":null,""scheduled"":""2023-05-27T15:05:00Z""}},{""station"":""Woodstock"",""code"":""WDST"",""estimated"":""&mdash;"",""scheduled"":""2023-05-27T15:20:00Z"",""eta"":""&mdash;"",""arrival"":{""estimated"":null,""scheduled"":""2023-05-27T15:20:00Z""},""departure"":{""estimated"":null,""scheduled"":""2023-05-27T15:23:00Z""}},{""station"":""Brantford"",""code"":""BRTF"",""estimated"":""&mdash;"",""scheduled"":""2023-05-27T15:52:00Z"",""eta"":""&mdash;"",""arrival"":{""estimated"":null,""scheduled"":""2023-05-27T15:52:00Z""},""departure"":{""estimated"":null,""scheduled"":""2023-05-27T15:54:00Z""}},{""station"":""Aldershot"",""code"":""ALDR"",""estimated"":""&mdash;"",""scheduled"":""2023-05-27T16:25:00Z"",""eta"":""&mdash;"",""arrival"":{""estimated"":null,""scheduled"":""2023-05-27T16:25:00Z""},""departure"":{""estimated"":null,""scheduled"":""2023-05-27T16:26:00Z""}},{""station"":""Oakville"",""code"":""OAKV"",""estimated"":""&mdash;"",""scheduled"":""2023-05-27T16:39:00Z"",""eta"":""&mdash;"",""arrival"":{""estimated"":null,""scheduled"":""2023-05-27T16:39:00Z""},""departure"":{""estimated"":null,""scheduled"":""2023-05-27T16:41:00Z""}},{""station"":""Toronto"",""code"":""TRTO"",""estimated"":""&mdash;"",""scheduled"":""2023-05-27T17:05:00Z"",""eta"":""&mdash;"",""arrival"":{""estimated"":null,""scheduled"":""2023-05-27T17:05:00Z""}}]"
"643",45.4072,-75.6618,46,200,"2023-05-27T12:39:44Z",true,false,"OTTAWA","TORONTO","2023-05-27",0,"[{""station"":""Ottawa"",""code"":""OTTW"",""estimated"":""2023-05-27T12:35:04Z"",""scheduled"":""2023-05-27T12:35:00Z"",""eta"":""ARR"",""departure"":{""estimated"":""2023-05-27T12:35:04Z"",""scheduled"":""2023-05-27T12:35:00Z""},""diff"":""goo"",""diffMin"":0},{""station"":""Fallowfield"",""code"":""FALL"",""estimated"":""2023-05-27T12:52:34Z"",""scheduled"":""2023-05-27T12:52:00Z"",""eta"":""12 mins"",""arrival"":{""estimated"":""2023-05-27T12:52:34Z"",""scheduled"":""2023-05-27T12:52:00Z""},""departure"":{""estimated"":""2023-05-27T12:56:34Z"",""scheduled"":""2023-05-27T12:56:00Z""},""diff"":""goo"",""diffMin"":0},{""station"":""Smiths Falls"",""code"":""SMTF"",""estimated"":""2023-05-27T13:22:34Z"",""scheduled"":""2023-05-27T13:22:00Z"",""eta"":""42 mins"",""arrival"":{""estimated"":""2023-05-27T13:22:34Z"",""scheduled"":""2023-05-27T13:22:00Z""},""departure"":{""estimated"":""2023-05-27T13:24:34Z"",""scheduled"":""2023-05-27T13:24:00Z""},""diff"":""goo"",""diffMin"":0},{""station"":""Brockville"",""code"":""BRKV"",""estimated"":""2023-05-27T13:51:34Z"",""scheduled"":""2023-05-27T13:51:00Z"",""eta"":""1h11"",""arrival"":{""estimated"":""2023-05-27T13:51:34Z"",""scheduled"":""2023-05-27T13:51:00Z""},""departure"":{""estimated"":""2023-05-27T13:53:34Z"",""scheduled"":""2023-05-27T13:53:00Z""},""diff"":""goo"",""diffMin"":0},{""station"":""Kingston"",""code"":""KGON"",""estimated"":""2023-05-27T14:33:34Z"",""scheduled"":""2023-05-27T14:33:00Z"",""eta"":""1h53"",""arrival"":{""estimated"":""2023-05-27T14:33:34Z"",""scheduled"":""2023-05-27T14:33:00Z""},""departure"":{""estimated"":""2023-05-27T14:36:34Z"",""scheduled"":""2023-05-27T14:36:00Z""},""diff"":""goo"",""diffMin"":0},{""station"":""Napanee"",""code"":""NAPN"",""estimated"":""2023-05-27T14:56:34Z"",""scheduled"":""2023-05-27T14:56:00Z"",""eta"":""2h16"",""arrival"":{""estimated"":""2023-05-27T14:56:34Z"",""scheduled"":""2023-05-27T14:56:00Z""},""departure"":{""estimated"":""2023-05-27T14:57:34Z"",""scheduled"":""2023-05-27T14:57:00Z""},""diff"":""goo"",""diffMin"":0},{""station"":""Belleville"",""code"":""BLVL"",""estimated"":""2023-05-27T15:18:34Z"",""scheduled"":""2023-05-27T15:18:00Z"",""eta"":""2h38"",""arrival"":{""estimated"":""2023-05-27T15:18:34Z"",""scheduled"":""2023-05-27T15:18:00Z""},""departure"":{""estimated"":""2023-05-27T15:20:34Z"",""scheduled"":""2023-05-27T15:20:00Z""},""diff"":""goo"",""diffMin"":0},{""station"":""Trenton Jct."",""code"":""TRNJ"",""estimated"":""2023-05-27T15:31:34Z"",""scheduled"":""2023-05-27T15:31:00Z"",""eta"":""2h51"",""arrival"":{""estimated"":""2023-05-27T15:31:34Z"",""scheduled"":""2023-05-27T15:31:00Z""},""departure"":{""estimated"":""2023-05-27T15:32:34Z"",""scheduled"":""2023-05-27T15:32:00Z""},""diff"":""goo"",""diffMin"":0},{""station"":""Cobourg"",""code"":""CBRG"",""estimated"":""2023-05-27T15:56:34Z"",""scheduled"":""2023-05-27T15:56:00Z"",""eta"":""3h16"",""arrival"":{""estimated"":""2023-05-27T15:56:34Z"",""scheduled"":""2023-05-27T15:56:00Z""},""departure"":{""estimated"":""2023-05-27T15:58:34Z"",""scheduled"":""2023-05-27T15:58:00Z""},""diff"":""goo"",""diffMin"":0},{""station"":""Port Hope"",""code"":""PHOP"",""estimated"":""2023-05-27T16:05:34Z"",""scheduled"":""2023-05-27T16:05:00Z"",""eta"":""3h25"",""arrival"":{""estimated"":""2023-05-27T16:05:34Z"",""scheduled"":""2023-05-27T16:05:00Z""},""departure"":{""estimated"":""2023-05-27T16:06:34Z"",""scheduled"":""2023-05-27T16:06:00Z""},""diff"":""goo"",""diffMin"":0},{""station"":""Oshawa"",""code"":""OSHA"",""estimated"":""2023-05-27T16:35:34Z"",""scheduled"":""2023-05-27T16:35:00Z"",""eta"":""3h55"",""arrival"":{""estimated"":""2023-05-27T16:35:34Z"",""scheduled"":""2023-05-27T16:35:00Z""},""departure"":{""estimated"":""2023-05-27T16:38:34Z"",""scheduled"":""2023-05-27T16:38:00Z""},""diff"":""goo"",""diffMin"":0},{""station"":""Guildwood"",""code"":""GUIL"",""estimated"":""2023-05-27T16:58:34Z"",""scheduled"":""2023-05-27T16:58:00Z"",""eta"":""4h18"",""arrival"":{""estimated"":""2023-05-27T16:58:34Z"",""scheduled"":""2023-05-27T16:58:00Z""},""departure"":{""estimated"":""2023-05-27T17:00:34Z"",""scheduled"":""2023-05-27T17:00:00Z""},""diff"":""goo"",""diffMin"":0},{""station"":""Toronto"",""code"":""TRTO"",""estimated"":""2023-05-27T17:18:34Z"",""scheduled"":""2023-05-27T17:18:00Z"",""eta"":""4h38"",""arrival"":{""estimated"":""2023-05-27T17:18:34Z"",""scheduled"":""2023-05-27T17:18:00Z""},""diff"":""goo"",""diffMin"":0}]"
"35",46.7544,-71.2972,7,,"2023-05-27T12:38:31Z",true,false,"QUÉBEC","OTTAWA","2023-05-27",1,"[{""station"":""Québec"",""code"":""QBEC"",""estimated"":""2023-05-27T12:10:00Z"",""scheduled"":""2023-05-27T12:10:00Z"",""eta"":""ARR"",""departure"":{""estimated"":""2023-05-27T12:10:00Z"",""scheduled"":""2023-05-27T12:10:00Z""},""diff"":""goo"",""diffMin"":0},{""station"":""Ste-Foy"",""code"":""SFOY"",""estimated"":""2023-05-27T12:38:44Z"",""scheduled"":""2023-05-27T12:34:00Z"",""eta"":""ARR"",""arrival"":{""estimated"":""2023-05-27T12:38:44Z"",""scheduled"":""2023-05-27T12:34:00Z""},""departure"":{""estimated"":""2023-05-27T12:38:44Z"",""scheduled"":""2023-05-27T12:36:00Z""},""diff"":""goo"",""diffMin"":4},{""station"":""Charny"",""code"":""CHNY"",""estimated"":""2023-05-27T12:46:44Z"",""scheduled"":""2023-05-27T12:42:00Z"",""eta"":""6 mins"",""arrival"":{""estimated"":""2023-05-27T12:46:44Z"",""scheduled"":""2023-05-27T12:42:00Z""},""departure"":{""estimated"":""2023-05-27T12:46:44Z"",""scheduled"":""2023-05-27T12:44:00Z""},""diff"":""goo"",""diffMin"":4},{""station"":""Drummondville"",""code"":""DRMV"",""estimated"":""2023-05-27T14:16:44Z"",""scheduled"":""2023-05-27T14:12:00Z"",""eta"":""1h36"",""arrival"":{""estimated"":""2023-05-27T14:16:44Z"",""scheduled"":""2023-05-27T14:12:00Z""},""departure"":{""estimated"":""2023-05-27T14:16:44Z"",""scheduled"":""2023-05-27T14:15:00Z""},""diff"":""goo"",""diffMin"":4},{""station"":""St. Hyacinthe"",""code"":""SHYA"",""estimated"":""2023-05-27T14:50:44Z"",""scheduled"":""2023-05-27T14:46:00Z"",""eta"":""2h10"",""arrival"":{""estimated"":""2023-05-27T14:50:44Z"",""scheduled"":""2023-05-27T14:46:00Z""},""departure"":{""estimated"":""2023-05-27T14:50:44Z"",""scheduled"":""2023-05-27T14:48:00Z""},""diff"":""goo"",""diffMin"":4},{""station"":""St. Lambert"",""code"":""SLAM"",""estimated"":""2023-05-27T15:17:44Z"",""scheduled"":""2023-05-27T15:13:00Z"",""eta"":""2h37"",""arrival"":{""estimated"":""2023-05-27T15:17:44Z"",""scheduled"":""2023-05-27T15:13:00Z""},""departure"":{""estimated"":""2023-05-27T15:17:44Z"",""scheduled"":""2023-05-27T15:15:00Z""},""diff"":""goo"",""diffMin"":4},{""station"":""Montréal"",""code"":""MTRL"",""estimated"":""2023-05-27T15:30:44Z"",""scheduled"":""2023-05-27T15:26:00Z"",""eta"":""2h50"",""arrival"":{""estimated"":""2023-05-27T15:30:44Z"",""scheduled"":""2023-05-27T15:26:00Z""},""departure"":{""estimated"":""2023-05-27T15:54:00Z"",""scheduled"":""2023-05-27T15:54:00Z""},""diff"":""goo"",""diffMin"":4},{""station"":""Dorval"",""code"":""DORV"",""estimated"":""2023-05-27T16:26:00Z"",""scheduled"":""2023-05-27T16:26:00Z"",""eta"":""3h46"",""arrival"":{""estimated"":""2023-05-27T16:26:00Z"",""scheduled"":""2023-05-27T16:26:00Z""},""departure"":{""estimated"":""2023-05-27T16:29:00Z"",""scheduled"":""2023-05-27T16:29:00Z""},""diff"":""goo"",""diffMin"":0},{""station"":""Coteau"",""code"":""COTO"",""estimated"":""2023-05-27T16:53:00Z"",""scheduled"":""2023-05-27T16:53:00Z"",""eta"":""4h13"",""arrival"":{""estimated"":""2023-05-27T16:53:00Z"",""scheduled"":""2023-05-27T16:53:00Z""},""departure"":{""estimated"":""2023-05-27T16:54:00Z"",""scheduled"":""2023-05-27T16:54:00Z""},""diff"":""goo"",""diffMin"":0},{""station"":""Alexandria"",""code"":""ALEX"",""estimated"":""2023-05-27T17:16:00Z"",""scheduled"":""2023-05-27T17:16:00Z"",""eta"":""4h36"",""arrival"":{""estimated"":""2023-05-27T17:16:00Z"",""scheduled"":""2023-05-27T17:16:00Z""},""departure"":{""estimated"":""2023-05-27T17:18:00Z"",""scheduled"":""2023-05-27T17:18:00Z""},""diff"":""goo"",""diffMin"":0},{""station"":""Casselman"",""code"":""CSLM"",""estimated"":""2023-05-27T17:39:00Z"",""scheduled"":""2023-05-27T17:39:00Z"",""eta"":""4h59"",""arrival"":{""estimated"":""2023-05-27T17:39:00Z"",""scheduled"":""2023-05-27T17:39:00Z""},""departure"":{""estimated"":""2023-05-27T17:41:00Z"",""scheduled"":""2023-05-27T17:41:00Z""},""diff"":""goo"",""diffMin"":0},{""station"":""Ottawa"",""code"":""OTTW"",""estimated"":""2023-05-27T18:05:00Z"",""scheduled"":""2023-05-27T18:05:00Z"",""eta"":""5h25"",""arrival"":{""estimated"":""2023-05-27T18:05:00Z"",""scheduled"":""2023-05-27T18:05:00Z""},""diff"":""goo"",""diffMin"":0}]"
"633",,,,,,false,false,"MONTRÉAL","OTTAWA","2023-05-27",,"[{""station"":""Montréal"",""code"":""MTRL"",""estimated"":""&mdash;"",""scheduled"":""2023-05-27T13:00:00Z"",""eta"":""&mdash;"",""departure"":{""estimated"":null,""scheduled"":""2023-05-27T13:00:00Z""}},{""station"":""Dorval"",""code"":""DORV"",""estimated"":""&mdash;"",""scheduled"":""2023-05-27T13:22:00Z"",""eta"":""&mdash;"",""arrival"":{""estimated"":null,""scheduled"":""2023-05-27T13:22:00Z""},""departure"":{""estimated"":null,""scheduled"":""2023-05-27T13:24:00Z""}},{""station"":""Alexandria"",""code"":""ALEX"",""estimated"":""&mdash;"",""scheduled"":""2023-05-27T14:09:00Z"",""eta"":""&mdash;"",""arrival"":{""estimated"":null,""scheduled"":""2023-05-27T14:09:00Z""},""departure"":{""estimated"":null,""scheduled"":""2023-05-27T14:11:00Z""}},{""station"":""Casselman"",""code"":""CSLM"",""estimated"":""&mdash;"",""scheduled"":""2023-05-27T14:32:00Z"",""eta"":""&mdash;"",""arrival"":{""estimated"":null,""scheduled"":""2023-05-27T14:32:00Z""},""departure"":{""estimated"":null,""scheduled"":""2023-05-27T14:33:00Z""}},{""station"":""Ottawa"",""code"":""OTTW"",""estimated"":""&mdash;"",""scheduled"":""2023-05-27T15:04:00Z"",""eta"":""&mdash;"",""arrival"":{""estimated"":null,""scheduled"":""2023-05-27T15:04:00Z""}}]"
"73",,,,,,false,false,"TORONTO","WINDSOR","2023-05-27",,"[{""station"":""Toronto"",""code"":""TRTO"",""estimated"":""&mdash;"",""scheduled"":""2023-05-27T16:15:00Z"",""eta"":""&mdash;"",""departure"":{""estimated"":null,""scheduled"":""2023-05-27T16:15:00Z""}},{""station"":""Oakville"",""code"":""OAKV"",""estimated"":""&mdash;"",""scheduled"":""2023-05-27T16:36:00Z"",""eta"":""&mdash;"",""arrival"":{""estimated"":null,""scheduled"":""2023-05-27T16:36:00Z""},""departure"":{""estimated"":null,""scheduled"":""2023-05-27T16:40:00Z""}},{""station"":""Aldershot"",""code"":""ALDR"",""estimated"":""&mdash;"",""scheduled"":""2023-05-27T16:54:00Z"",""eta"":""&mdash;"",""arrival"":{""estimated"":null,""scheduled"":""2023-05-27T16:54:00Z""},""departure"":{""estimated"":null,""scheduled"":""2023-05-27T16:58:00Z""}},{""station"":""Brantford"",""code"":""BRTF"",""estimated"":""&mdash;"",""scheduled"":""2023-05-27T17:25:00Z"",""eta"":""&mdash;"",""arrival"":{""estimated"":null,""scheduled"":""2023-05-27T17:25:00Z""},""departure"":{""estimated"":null,""scheduled"":""2023-05-27T17:27:00Z""}},{""station"":""Woodstock"",""code"":""WDST"",""estimated"":""&mdash;"",""scheduled"":""2023-05-27T17:54:00Z"",""eta"":""&mdash;"",""arrival"":{""estimated"":null,""scheduled"":""2023-05-27T17:54:00Z""},""departure"":{""estimated"":null,""scheduled"":""2023-05-27T17:55:00Z""}},{""station"":""London"",""code"":""LNDN"",""estimated"":""&mdash;"",""scheduled"":""2023-05-27T18:23:00Z"",""eta"":""&mdash;"",""arrival"":{""estimated"":null,""scheduled"":""2023-05-27T18:23:00Z""},""departure"":{""estimated"":null,""scheduled"":""2023-05-27T18:30:00Z""}},{""station"":""Chatham"",""code"":""CHAT"",""estimated"":""&mdash;"",""scheduled"":""2023-05-27T19:35:00Z"",""eta"":""&mdash;"",""arrival"":{""estimated"":null,""scheduled"":""2023-05-27T19:35:00Z""},""departure"":{""estimated"":null,""scheduled"":""2023-05-27T19:39:00Z""}},{""station"":""Windsor"",""code"":""WDON"",""estimated"":""&mdash;"",""scheduled"":""2023-05-27T20:30:00Z"",""eta"":""&mdash;"",""arrival"":{""estimated"":null,""scheduled"":""2023-05-27T20:30:00Z""}}]"
"45",,,,,,false,false,"OTTAWA","TORONTO","2023-05-27",,"[{""station"":""Ottawa"",""code"":""OTTW"",""estimated"":""&mdash;"",""scheduled"":""2023-05-27T14:27:00Z"",""eta"":""&mdash;"",""departure"":{""estimated"":null,""scheduled"":""2023-05-27T14:27:00Z""}},{""station"":""Fallowfield"",""code"":""FALL"",""estimated"":""&mdash;"",""scheduled"":""2023-05-27T14:44:00Z"",""eta"":""&mdash;"",""arrival"":{""estimated"":null,""scheduled"":""2023-05-27T14:44:00Z""},""departure"":{""estimated"":null,""scheduled"":""2023-05-27T14:46:00Z""}},{""station"":""Kingston"",""code"":""KGON"",""estimated"":""&mdash;"",""scheduled"":""2023-05-27T16:24:00Z"",""eta"":""&mdash;"",""arrival"":{""estimated"":null,""scheduled"":""2023-05-27T16:24:00Z""},""departure"":{""estimated"":null,""scheduled"":""2023-05-27T16:26:00Z""}},{""station"":""Toronto"",""code"":""TRTO"",""estimated"":""&mdash;"",""scheduled"":""2023-05-27T18:48:00Z"",""eta"":""&mdash;"",""arrival"":{""estimated"":null,""scheduled"":""2023-05-27T18:48:00Z""}}]"
"41",43.9953,-77.8951,151,259,"2023-05-27T12:39:36Z",true,false,"OTTAWA","TORONTO","2023-05-27",0,"[{""station"":""Ottawa"",""code"":""OTTW"",""estimated"":""2023-05-27T09:30:00Z"",""scheduled"":""2023-05-27T09:30:00Z"",""eta"":""ARR"",""departure"":{""estimated"":""2023-05-27T09:30:00Z"",""scheduled"":""2023-05-27T09:30:00Z""},""diff"":""goo"",""diffMin"":0},{""station"":""Fallowfield"",""code"":""FALL"",""estimated"":""2023-05-27T09:46:11Z"",""scheduled"":""2023-05-27T09:49:00Z"",""eta"":""ARR"",""arrival"":{""estimated"":""2023-05-27T09:46:11Z"",""scheduled"":""2023-05-27T09:49:00Z""},""departure"":{""estimated"":""2023-05-27T09:54:46Z"",""scheduled"":""2023-05-27T09:55:00Z""},""diff"":""goo"",""diffMin"":-2},{""station"":""Smiths Falls"",""code"":""SMTF"",""estimated"":""2023-05-27T10:21:21Z"",""scheduled"":""2023-05-27T10:21:00Z"",""eta"":""ARR"",""arrival"":{""estimated"":""2023-05-27T10:21:21Z"",""scheduled"":""2023-05-27T10:21:00Z""},""departure"":{""estimated"":""2023-05-27T10:21:21Z"",""scheduled"":""2023-05-27T10:22:00Z""},""diff"":""goo"",""diffMin"":0},{""station"":""Brockville"",""code"":""BRKV"",""estimated"":""2023-05-27T10:50:52Z"",""scheduled"":""2023-05-27T10:49:00Z"",""eta"":""ARR"",""arrival"":{""estimated"":""2023-05-27T10:50:52Z"",""scheduled"":""2023-05-27T10:49:00Z""},""departure"":{""estimated"":""2023-05-27T10:50:52Z"",""scheduled"":""2023-05-27T10:51:00Z""},""diff"":""goo"",""diffMin"":1},{""station"":""Kingston"",""code"":""KGON"",""estimated"":""2023-05-27T11:33:15Z"",""scheduled"":""2023-05-27T11:31:00Z"",""eta"":""ARR"",""arrival"":{""estimated"":""2023-05-27T11:33:15Z"",""scheduled"":""2023-05-27T11:31:00Z""},""departure"":{""estimated"":""2023-05-27T11:33:15Z"",""scheduled"":""2023-05-27T11:34:00Z""},""diff"":""goo"",""diffMin"":2},{""station"":""Belleville"",""code"":""BLVL"",""estimated"":""2023-05-27T12:14:58Z"",""scheduled"":""2023-05-27T12:13:00Z"",""eta"":""ARR"",""arrival"":{""estimated"":""2023-05-27T12:14:58Z"",""scheduled"":""2023-05-27T12:13:00Z""},""departure"":{""estimated"":""2023-05-27T12:14:58Z"",""scheduled"":""2023-05-27T12:16:00Z""},""diff"":""goo"",""diffMin"":1},{""station"":""Cobourg"",""code"":""CBRG"",""estimated"":""2023-05-27T12:49:53Z"",""scheduled"":""2023-05-27T12:48:00Z"",""eta"":""10 mins"",""arrival"":{""estimated"":""2023-05-27T12:49:53Z"",""scheduled"":""2023-05-27T12:48:00Z""},""departure"":{""estimated"":""2023-05-27T12:52:53Z"",""scheduled"":""2023-05-27T12:51:00Z""},""diff"":""goo"",""diffMin"":1},{""station"":""Oshawa"",""code"":""OSHA"",""estimated"":""2023-05-27T13:26:53Z"",""scheduled"":""2023-05-27T13:25:00Z"",""eta"":""47 mins"",""arrival"":{""estimated"":""2023-05-27T13:26:53Z"",""scheduled"":""2023-05-27T13:25:00Z""},""departure"":{""estimated"":""2023-05-27T13:28:53Z"",""scheduled"":""2023-05-27T13:27:00Z""},""diff"":""goo"",""diffMin"":1},{""station"":""Toronto"",""code"":""TRTO"",""estimated"":""2023-05-27T14:03:53Z"",""scheduled"":""2023-05-27T14:02:00Z"",""eta"":""1h24"",""arrival"":{""estimated"":""2023-05-27T14:03:53Z"",""scheduled"":""2023-05-27T14:02:00Z""},""diff"":""goo"",""diffMin"":1}]"
"50",43.9761,-78.0329,133,79,"2023-05-27T12:39:37Z",true,false,"TORONTO","OTTAWA","2023-05-27",0,"[{""station"":""Toronto"",""code"":""TRTO"",""estimated"":""2023-05-27T10:47:07Z"",""scheduled"":""2023-05-27T10:47:00Z"",""eta"":""ARR"",""departure"":{""estimated"":""2023-05-27T10:47:07Z"",""scheduled"":""2023-05-27T10:47:00Z""},""diff"":""goo"",""diffMin"":0},{""station"":""Guildwood"",""code"":""GUIL"",""estimated"":""2023-05-27T11:02:29Z"",""scheduled"":""2023-05-27T11:04:00Z"",""eta"":""ARR"",""arrival"":{""estimated"":""2023-05-27T11:02:29Z"",""scheduled"":""2023-05-27T11:04:00Z""},""departure"":{""estimated"":""2023-05-27T11:05:47Z"",""scheduled"":""2023-05-27T11:07:00Z""},""diff"":""goo"",""diffMin"":-1},{""station"":""Oshawa"",""code"":""OSHA"",""estimated"":""2023-05-27T11:33:37Z"",""scheduled"":""2023-05-27T11:22:00Z"",""eta"":""ARR"",""arrival"":{""estimated"":""2023-05-27T11:33:37Z"",""scheduled"":""2023-05-27T11:22:00Z""},""departure"":{""estimated"":""2023-05-27T11:33:37Z"",""scheduled"":""2023-05-27T11:26:00Z""},""diff"":""med"",""diffMin"":11},{""station"":""Cobourg"",""code"":""CBRG"",""estimated"":""2023-05-27T12:31:15Z"",""scheduled"":""2023-05-27T11:58:00Z"",""eta"":""ARR"",""arrival"":{""estimated"":""2023-05-27T12:31:15Z"",""scheduled"":""2023-05-27T11:58:00Z""},""departure"":{""estimated"":""2023-05-27T12:31:15Z"",""scheduled"":""2023-05-27T12:01:00Z""},""diff"":""bad"",""diffMin"":33},{""station"":""Belleville"",""code"":""BLVL"",""estimated"":""2023-05-27T13:06:00Z"",""scheduled"":""2023-05-27T12:33:00Z"",""eta"":""26 mins"",""arrival"":{""estimated"":""2023-05-27T13:06:00Z"",""scheduled"":""2023-05-27T12:33:00Z""},""departure"":{""estimated"":""2023-05-27T13:06:00Z"",""scheduled"":""2023-05-27T12:36:00Z""},""diff"":""bad"",""diffMin"":33},{""station"":""Kingston"",""code"":""KGON"",""estimated"":""2023-05-27T13:47:00Z"",""scheduled"":""2023-05-27T13:14:00Z"",""eta"":""1h07"",""arrival"":{""estimated"":""2023-05-27T13:47:00Z"",""scheduled"":""2023-05-27T13:14:00Z""},""departure"":{""estimated"":""2023-05-27T13:47:00Z"",""scheduled"":""2023-05-27T13:18:00Z""},""diff"":""bad"",""diffMin"":33},{""station"":""Brockville"",""code"":""BRKV"",""estimated"":""2023-05-27T14:46:00Z"",""scheduled"":""2023-05-27T14:13:00Z"",""eta"":""2h06"",""arrival"":{""estimated"":""2023-05-27T14:46:00Z"",""scheduled"":""2023-05-27T14:13:00Z""},""departure"":{""estimated"":""2023-05-27T14:46:00Z"",""scheduled"":""2023-05-27T14:15:00Z""},""diff"":""bad"",""diffMin"":33},{""station"":""Smiths Falls"",""code"":""SMTF"",""estimated"":""2023-05-27T15:17:00Z"",""scheduled"":""2023-05-27T14:44:00Z"",""eta"":""2h37"",""arrival"":{""estimated"":""2023-05-27T15:17:00Z"",""scheduled"":""2023-05-27T14:44:00Z""},""departure"":{""estimated"":""2023-05-27T15:17:00Z"",""scheduled"":""2023-05-27T14:46:00Z""},""diff"":""bad"",""diffMin"":33},{""station"":""Fallowfield"",""code"":""FALL"",""estimated"":""2023-05-27T15:49:00Z"",""scheduled"":""2023-05-27T15:16:00Z"",""eta"":""3h09"",""arrival"":{""estimated"":""2023-05-27T15:49:00Z"",""scheduled"":""2023-05-27T15:16:00Z""},""departure"":{""estimated"":""2023-05-27T15:49:00Z"",""scheduled"":""2023-05-27T15:19:00Z""},""diff"":""bad"",""diffMin"":33},{""station"":""Ottawa"",""code"":""OTTW"",""estimated"":""2023-05-27T16:09:00Z"",""scheduled"":""2023-05-27T15:36:00Z"",""eta"":""3h29"",""arrival"":{""estimated"":""2023-05-27T16:09:00Z"",""scheduled"":""2023-05-27T15:36:00Z""},""diff"":""bad"",""diffMin"":33}]"
"62",43.6735,-79.3332,101,61,"2023-05-27T12:39:43Z",true,false,"TORONTO","MONTRÉAL","2023-05-27",0,"[{""station"":""Toronto"",""code"":""TRTO"",""estimated"":""2023-05-27T12:32:23Z"",""scheduled"":""2023-05-27T12:32:00Z"",""eta"":""ARR"",""departure"":{""estimated"":""2023-05-27T12:32:23Z"",""scheduled"":""2023-05-27T12:32:00Z""},""diff"":""goo"",""diffMin"":0},{""station"":""Guildwood"",""code"":""GUIL"",""estimated"":""2023-05-27T12:50:50Z"",""scheduled"":""2023-05-27T12:50:00Z"",""eta"":""11 mins"",""arrival"":{""estimated"":""2023-05-27T12:50:50Z"",""scheduled"":""2023-05-27T12:50:00Z""},""departure"":{""estimated"":""2023-05-27T12:52:50Z"",""scheduled"":""2023-05-27T12:52:00Z""},""diff"":""goo"",""diffMin"":0},{""station"":""Oshawa"",""code"":""OSHA"",""estimated"":""2023-05-27T13:08:50Z"",""scheduled"":""2023-05-27T13:08:00Z"",""eta"":""29 mins"",""arrival"":{""estimated"":""2023-05-27T13:08:50Z"",""scheduled"":""2023-05-27T13:08:00Z""},""departure"":{""estimated"":""2023-05-27T13:11:50Z"",""scheduled"":""2023-05-27T13:11:00Z""},""diff"":""goo"",""diffMin"":0},{""station"":""Cobourg"",""code"":""CBRG"",""estimated"":""2023-05-27T13:41:50Z"",""scheduled"":""2023-05-27T13:41:00Z"",""eta"":""1h02"",""arrival"":{""estimated"":""2023-05-27T13:41:50Z"",""scheduled"":""2023-05-27T13:41:00Z""},""departure"":{""estimated"":""2023-05-27T13:43:50Z"",""scheduled"":""2023-05-27T13:43:00Z""},""diff"":""goo"",""diffMin"":0},{""station"":""Belleville"",""code"":""BLVL"",""estimated"":""2023-05-27T14:18:50Z"",""scheduled"":""2023-05-27T14:18:00Z"",""eta"":""1h39"",""arrival"":{""estimated"":""2023-05-27T14:18:50Z"",""scheduled"":""2023-05-27T14:18:00Z""},""departure"":{""estimated"":""2023-05-27T14:20:50Z"",""scheduled"":""2023-05-27T14:20:00Z""},""diff"":""goo"",""diffMin"":0},{""station"":""Kingston"",""code"":""KGON"",""estimated"":""2023-05-27T14:57:50Z"",""scheduled"":""2023-05-27T14:57:00Z"",""eta"":""2h18"",""arrival"":{""estimated"":""2023-05-27T14:57:50Z"",""scheduled"":""2023-05-27T14:57:00Z""},""departure"":{""estimated"":""2023-05-27T15:01:50Z"",""scheduled"":""2023-05-27T15:01:00Z""},""diff"":""goo"",""diffMin"":0},{""station"":""Cornwall"",""code"":""CWLL"",""estimated"":""2023-05-27T16:32:50Z"",""scheduled"":""2023-05-27T16:32:00Z"",""eta"":""3h53"",""arrival"":{""estimated"":""2023-05-27T16:32:50Z"",""scheduled"":""2023-05-27T16:32:00Z""},""departure"":{""estimated"":""2023-05-27T16:34:50Z"",""scheduled"":""2023-05-27T16:34:00Z""},""diff"":""goo"",""diffMin"":0},{""station"":""Dorval"",""code"":""DORV"",""estimated"":""2023-05-27T17:21:50Z"",""scheduled"":""2023-05-27T17:21:00Z"",""eta"":""4h42"",""arrival"":{""estimated"":""2023-05-27T17:21:50Z"",""scheduled"":""2023-05-27T17:21:00Z""},""departure"":{""estimated"":""2023-05-27T17:23:50Z"",""scheduled"":""2023-05-27T17:23:00Z""},""diff"":""goo"",""diffMin"":0},{""station"":""Montréal"",""code"":""MTRL"",""estimated"":""2023-05-27T17:43:50Z"",""scheduled"":""2023-05-27T17:43:00Z"",""eta"":""5h04"",""arrival"":{""estimated"":""2023-05-27T17:43:50Z"",""scheduled"":""2023-05-27T17:43:00Z""},""diff"":""goo"",""diffMin"":0}]"
"63",,,,,,false,false,"MONTRÉAL","TORONTO","2023-05-27",,"[{""station"":""Montréal"",""code"":""MTRL"",""estimated"":""&mdash;"",""scheduled"":""2023-05-27T12:50:00Z"",""eta"":""&mdash;"",""departure"":{""estimated"":null,""scheduled"":""2023-05-27T12:50:00Z""}},{""station"":""Dorval"",""code"":""DORV"",""estimated"":""&mdash;"",""scheduled"":""2023-05-27T13:12:00Z"",""eta"":""&mdash;"",""arrival"":{""estimated"":null,""scheduled"":""2023-05-27T13:12:00Z""},""departure"":{""estimated"":null,""scheduled"":""2023-05-27T13:15:00Z""}},{""station"":""Cornwall"",""code"":""CWLL"",""estimated"":""&mdash;"",""scheduled"":""2023-05-27T14:03:00Z"",""eta"":""&mdash;"",""arrival"":{""estimated"":null,""scheduled"":""2023-05-27T14:03:00Z""},""departure"":{""estimated"":null,""scheduled"":""2023-05-27T14:05:00Z""}},{""station"":""Brockville"",""code"":""BRKV"",""estimated"":""&mdash;"",""scheduled"":""2023-05-27T14:49:00Z"",""eta"":""&mdash;"",""arrival"":{""estimated"":null,""scheduled"":""2023-05-27T14:49:00Z""},""departure"":{""estimated"":null,""scheduled"":""2023-05-27T14:51:00Z""}},{""station"":""Kingston"",""code"":""KGON"",""estimated"":""&mdash;"",""scheduled"":""2023-05-27T15:34:00Z"",""eta"":""&mdash;"",""arrival"":{""estimated"":null,""scheduled"":""2023-05-27T15:34:00Z""},""departure"":{""estimated"":null,""scheduled"":""2023-05-27T15:38:00Z""}},{""station"":""Belleville"",""code"":""BLVL"",""estimated"":""&mdash;"",""scheduled"":""2023-05-27T16:20:00Z"",""eta"":""&mdash;"",""arrival"":{""estimated"":null,""scheduled"":""2023-05-27T16:20:00Z""},""departure"":{""estimated"":null,""scheduled"":""2023-05-27T16:21:00Z""}},{""station"":""Cobourg"",""code"":""CBRG"",""estimated"":""&mdash;"",""scheduled"":""2023-05-27T17:01:00Z"",""eta"":""&mdash;"",""arrival"":{""estimated"":null,""scheduled"":""2023-05-27T17:01:00Z""},""departure"":{""estimated"":null,""scheduled"":""2023-05-27T17:02:00Z""}},{""station"":""Oshawa"",""code"":""OSHA"",""estimated"":""&mdash;"",""scheduled"":""2023-05-27T17:38:00Z"",""eta"":""&mdash;"",""arrival"":{""estimated"":null,""scheduled"":""2023-05-27T17:38:00Z""},""departure"":{""estimated"":null,""scheduled"":""2023-05-27T17:40:00Z""}},{""station"":""Toronto"",""code"":""TRTO"",""estimated"":""&mdash;"",""scheduled"":""2023-05-27T18:18:00Z"",""eta"":""&mdash;"",""arrival"":{""estimated"":null,""scheduled"":""2023-05-27T18:18:00Z""}}]"
"64",,,,,,false,false,"TORONTO","MONTRÉAL","2023-05-27",,"[{""station"":""Toronto"",""code"":""TRTO"",""estimated"":""&mdash;"",""scheduled"":""2023-05-27T15:32:00Z"",""eta"":""&mdash;"",""departure"":{""estimated"":null,""scheduled"":""2023-05-27T15:32:00Z""}},{""station"":""Guildwood"",""code"":""GUIL"",""estimated"":""&mdash;"",""scheduled"":""2023-05-27T15:51:00Z"",""eta"":""&mdash;"",""arrival"":{""estimated"":null,""scheduled"":""2023-05-27T15:51:00Z""},""departure"":{""estimated"":null,""scheduled"":""2023-05-27T15:52:00Z""}},{""station"":""Oshawa"",""code"":""OSHA"",""estimated"":""&mdash;"",""scheduled"":""2023-05-27T16:08:00Z"",""eta"":""&mdash;"",""arrival"":{""estimated"":null,""scheduled"":""2023-05-27T16:08:00Z""},""departure"":{""estimated"":null,""scheduled"":""2023-05-27T16:11:00Z""}},{""station"":""Cobourg"",""code"":""CBRG"",""estimated"":""&mdash;"",""scheduled"":""2023-05-27T16:45:00Z"",""eta"":""&mdash;"",""arrival"":{""estimated"":null,""scheduled"":""2023-05-27T16:45:00Z""},""departure"":{""estimated"":null,""scheduled"":""2023-05-27T16:48:00Z""}},{""station"":""Belleville"",""code"":""BLVL"",""estimated"":""&mdash;"",""scheduled"":""2023-05-27T17:25:00Z"",""eta"":""&mdash;"",""arrival"":{""estimated"":null,""scheduled"":""2023-05-27T17:25:00Z""},""departure"":{""estimated"":null,""scheduled"":""2023-05-27T17:29:00Z""}},{""station"":""Kingston"",""code"":""KGON"",""estimated"":""&mdash;"",""scheduled"":""2023-05-27T18:06:00Z"",""eta"":""&mdash;"",""arrival"":{""estimated"":null,""scheduled"":""2023-05-27T18:06:00Z""},""departure"":{""estimated"":null,""scheduled"":""2023-05-27T18:11:00Z""}},{""station"":""Brockville"",""code"":""BRKV"",""estimated"":""&mdash;"",""scheduled"":""2023-05-27T18:57:00Z"",""eta"":""&mdash;"",""arrival"":{""estimated"":null,""scheduled"":""2023-05-27T18:57:00Z""},""departure"":{""estimated"":null,""scheduled"":""2023-05-27T19:00:00Z""}},{""station"":""Cornwall"",""code"":""CWLL"",""estimated"":""&mdash;"",""scheduled"":""2023-05-27T19:47:00Z"",""eta"":""&mdash;"",""arrival"":{""estimated"":null,""scheduled"":""2023-05-27T19:47:00Z""},""departure"":{""estimated"":null,""scheduled"":""2023-05-27T19:49:00Z""}},{""station"":""Dorval"",""code"":""DORV"",""estimated"":""&mdash;"",""scheduled"":""2023-05-27T20:38:00Z"",""eta"":""&mdash;"",""arrival"":{""estimated"":null,""scheduled"":""2023-05-27T20:38:00Z""},""departure"":{""estimated"":null,""scheduled"":""2023-05-27T20:41:00Z""}},{""station"":""Montréal"",""code"":""MTRL"",""estimated"":""&mdash;"",""scheduled"":""2023-05-27T21:01:00Z"",""eta"":""&mdash;"",""arrival"":{""estimated"":null,""scheduled"":""2023-05-27T21:01:00Z""}}]"
"42",,,,,,false,false,"TORONTO","OTTAWA","2023-05-27",,"[{""station"":""Toronto"",""code"":""TRTO"",""estimated"":""&mdash;"",""scheduled"":""2023-05-27T16:17:00Z"",""eta"":""&mdash;"",""departure"":{""estimated"":null,""scheduled"":""2023-05-27T16:17:00Z""}},{""station"":""Guildwood"",""code"":""GUIL"",""estimated"":""&mdash;"",""scheduled"":""2023-05-27T16:36:00Z"",""eta"":""&mdash;"",""arrival"":{""estimated"":null,""scheduled"":""2023-05-27T16:36:00Z""},""departure"":{""estimated"":null,""scheduled"":""2023-05-27T16:37:00Z""}},{""station"":""Oshawa"",""code"":""OSHA"",""estimated"":""&mdash;"",""scheduled"":""2023-05-27T16:53:00Z"",""eta"":""&mdash;"",""arrival"":{""estimated"":null,""scheduled"":""2023-05-27T16:53:00Z""},""departure"":{""estimated"":null,""scheduled"":""2023-05-27T16:55:00Z""}},{""station"":""Port Hope"",""code"":""PHOP"",""estimated"":""&mdash;"",""scheduled"":""2023-05-27T17:19:00Z"",""eta"":""&mdash;"",""arrival"":{""estimated"":null,""scheduled"":""2023-05-27T17:19:00Z""},""departure"":{""estimated"":null,""scheduled"":""2023-05-27T17:20:00Z""}},{""station"":""Cobourg"",""code"":""CBRG"",""estimated"":""&mdash;"",""scheduled"":""2023-05-27T17:27:00Z"",""eta"":""&mdash;"",""arrival"":{""estimated"":null,""scheduled"":""2023-05-27T17:27:00Z""},""departure"":{""estimated"":null,""scheduled"":""2023-05-27T17:29:00Z""}},{""station"":""Trenton Jct."",""code"":""TRNJ"",""estimated"":""&mdash;"",""scheduled"":""2023-05-27T17:52:01Z"",""eta"":""&mdash;"",""arrival"":{""estimated"":null,""scheduled"":""2023-05-27T17:52:01Z""},""departure"":{""estimated"":null,""scheduled"":""2023-05-27T17:53:00Z""}},{""station"":""Belleville"",""code"":""BLVL"",""estimated"":""&mdash;"",""scheduled"":""2023-05-27T18:05:00Z"",""eta"":""&mdash;"",""arrival"":{""estimated"":null,""scheduled"":""2023-05-27T18:05:00Z""},""departure"":{""estimated"":null,""scheduled"":""2023-05-27T18:07:00Z""}},{""station"":""Napanee"",""code"":""NAPN"",""estimated"":""&mdash;"",""scheduled"":""2023-05-27T18:25:00Z"",""eta"":""&mdash;"",""arrival"":{""estimated"":null,""scheduled"":""2023-05-27T18:25:00Z""},""departure"":{""estimated"":null,""scheduled"":""2023-05-27T18:26:00Z""}},{""station"":""Kingston"",""code"":""KGON"",""estimated"":""&mdash;"",""scheduled"":""2023-05-27T18:45:00Z"",""eta"":""&mdash;"",""arrival"":{""estimated"":null,""scheduled"":""2023-05-27T18:45:00Z""},""departure"":{""estimated"":null,""scheduled"":""2023-05-27T18:47:00Z""}},{""station"":""Gananoque"",""code"":""GANA"",""estimated"":""&mdash;"",""scheduled"":""2023-05-27T19:08:00Z"",""eta"":""&mdash;"",""arrival"":{""estimated"":null,""scheduled"":""2023-05-27T19:08:00Z""},""departure"":{""estimated"":null,""scheduled"":""2023-05-27T19:09:00Z""}},{""station"":""Brockville"",""code"":""BRKV"",""estimated"":""&mdash;"",""scheduled"":""2023-05-27T19:32:00Z"",""eta"":""&mdash;"",""arrival"":{""estimated"":null,""scheduled"":""2023-05-27T19:32:00Z""},""departure"":{""estimated"":null,""scheduled"":""2023-05-27T19:34:00Z""}},{""station"":""Smiths Falls"",""code"":""SMTF"",""estimated"":""&mdash;"",""scheduled"":""2023-05-27T20:07:00Z"",""eta"":""&mdash;"",""arrival"":{""estimated"":null,""scheduled"":""2023-05-27T20:07:00Z""},""departure"":{""estimated"":null,""scheduled"":""2023-05-27T20:08:00Z""}},{""station"":""Fallowfield"",""code"":""FALL"",""estimated"":""&mdash;"",""scheduled"":""2023-05-27T20:38:00Z"",""eta"":""&mdash;"",""arrival"":{""estimated"":null,""scheduled"":""2023-05-27T20:38:00Z""},""departure"":{""estimated"":null,""scheduled"":""2023-05-27T20:40:00Z""}},{""station"":""Ottawa"",""code"":""OTTW"",""estimated"":""&mdash;"",""scheduled"":""2023-05-27T20:57:00Z"",""eta"":""&mdash;"",""arrival"":{""estimated"":null,""scheduled"":""2023-05-27T20:57:00Z""}}]"
"84",,,,,,false,false,"SARNIA","TORONTO","2023-05-27",,"[{""station"":""Sarnia"",""code"":""SARN"",""estimated"":""&mdash;"",""scheduled"":""2023-05-27T12:40:00Z"",""eta"":""&mdash;"",""departure"":{""estimated"":null,""scheduled"":""2023-05-27T12:40:00Z""}},{""station"":""Wyoming"",""code"":""WYOM"",""estimated"":""&mdash;"",""scheduled"":""2023-05-27T12:55:00Z"",""eta"":""&mdash;"",""arrival"":{""estimated"":null,""scheduled"":""2023-05-27T12:55:00Z""},""departure"":{""estimated"":null,""scheduled"":""2023-05-27T12:56:00Z""}},{""station"":""Strathroy"",""code"":""STRR"",""estimated"":""&mdash;"",""scheduled"":""2023-05-27T13:27:00Z"",""eta"":""&mdash;"",""arrival"":{""estimated"":null,""scheduled"":""2023-05-27T13:27:00Z""},""departure"":{""estimated"":null,""scheduled"":""2023-05-27T13:29:00Z""}},{""station"":""London"",""code"":""LNDN"",""estimated"":""&mdash;"",""scheduled"":""2023-05-27T13:52:00Z"",""eta"":""&mdash;"",""arrival"":{""estimated"":null,""scheduled"":""2023-05-27T13:52:00Z""},""departure"":{""estimated"":null,""scheduled"":""2023-05-27T13:54:00Z""}},{""station"":""St.Marys"",""code"":""SMYS"",""estimated"":""&mdash;"",""scheduled"":""2023-05-27T14:45:00Z"",""eta"":""&mdash;"",""arrival"":{""estimated"":null,""scheduled"":""2023-05-27T14:45:00Z""},""departure"":{""estimated"":null,""scheduled"":""2023-05-27T14:46:00Z""}},{""station"":""Stratford"",""code"":""STRF"",""estimated"":""&mdash;"",""scheduled"":""2023-05-27T15:14:00Z"",""eta"":""&mdash;"",""arrival"":{""estimated"":null,""scheduled"":""2023-05-27T15:14:00Z""},""departure"":{""estimated"":null,""scheduled"":""2023-05-27T15:16:00Z""}},{""station"":""Kitchener"",""code"":""KITC"",""estimated"":""&mdash;"",""scheduled"":""2023-05-27T16:02:00Z"",""eta"":""&mdash;"",""arrival"":{""estimated"":null,""scheduled"":""2023-05-27T16:02:00Z""},""departure"":{""estimated"":null,""scheduled"":""2023-05-27T16:04:00Z""}},{""station"":""Guelph"",""code"":""GUEL"",""estimated"":""&mdash;"",""scheduled"":""2023-05-27T16:24:00Z"",""eta"":""&mdash;"",""arrival"":{""estimated"":null,""scheduled"":""2023-05-27T16:24:00Z""},""departure"":{""estimated"":null,""scheduled"":""2023-05-27T16:26:00Z""}},{""station"":""Georgetown"",""code"":""GEOR"",""estimated"":""&mdash;"",""scheduled"":""2023-05-27T16:47:00Z"",""eta"":""&mdash;"",""arrival"":{""estimated"":null,""scheduled"":""2023-05-27T16:47:00Z""},""departure"":{""estimated"":null,""scheduled"":""2023-05-27T16:49:00Z""}},{""station"":""Brampton"",""code"":""BRMP"",""estimated"":""&mdash;"",""scheduled"":""2023-05-27T16:59:00Z"",""eta"":""&mdash;"",""arrival"":{""estimated"":null,""scheduled"":""2023-05-27T16:59:00Z""},""departure"":{""estimated"":null,""scheduled"":""2023-05-27T17:01:00Z""}},{""station"":""Malton"",""code"":""MALT"",""estimated"":""&mdash;"",""scheduled"":""2023-05-27T17:11:00Z"",""eta"":""&mdash;"",""arrival"":{""estimated"":null,""scheduled"":""2023-05-27T17:11:00Z""},""departure"":{""estimated"":null,""scheduled"":""2023-05-27T17:13:00Z""}},{""station"":""Toronto"",""code"":""TRTO"",""estimated"":""&mdash;"",""scheduled"":""2023-05-27T17:38:00Z"",""eta"":""&mdash;"",""arrival"":{""estimated"":null,""scheduled"":""2023-05-27T17:38:00Z""}}]"
"185",,,,,,false,false,"SUDBURY","WHITE RIVER","2023-05-27",,"[{""station"":""Sudbury"",""code"":""SUDB"",""estimated"":""&mdash;"",""scheduled"":""2023-05-27T13:00:00Z"",""eta"":""&mdash;"",""departure"":{""estimated"":null,""scheduled"":""2023-05-27T13:00:00Z""}},{""station"":""Azilda"",""code"":""AZIL"",""estimated"":""&mdash;"",""scheduled"":""2023-05-27T13:10:00Z"",""eta"":""&mdash;"",""arrival"":{""estimated"":null,""scheduled"":""2023-05-27T13:10:00Z""},""departure"":{""estimated"":null,""scheduled"":""2023-05-27T13:10:02Z""}},{""station"":""Chelmsford"",""code"":""CHEL"",""estimated"":""&mdash;"",""scheduled"":""2023-05-27T13:15:00Z"",""eta"":""&mdash;"",""arrival"":{""estimated"":null,""scheduled"":""2023-05-27T13:15:00Z""},""departure"":{""estimated"":null,""scheduled"":""2023-05-27T13:15:02Z""}},{""station"":""Larchwood"",""code"":""LARC"",""estimated"":""&mdash;"",""scheduled"":""2023-05-27T13:19:00Z"",""eta"":""&mdash;"",""arrival"":{""estimated"":null,""scheduled"":""2023-05-27T13:19:00Z""},""departure"":{""estimated"":null,""scheduled"":""2023-05-27T13:19:02Z""}},{""station"":""Levack"",""code"":""LEVA"",""estimated"":""&mdash;"",""scheduled"":""2023-05-27T13:30:00Z"",""eta"":""&mdash;"",""arrival"":{""estimated"":null,""scheduled"":""2023-05-27T13:30:00Z""},""departure"":{""estimated"":null,""scheduled"":""2023-05-27T13:30:02Z""}},{""station"":""Cartier"",""code"":""CART"",""estimated"":""&mdash;"",""scheduled"":""2023-05-27T13:45:00Z"",""eta"":""&mdash;"",""arrival"":{""estimated"":null,""scheduled"":""2023-05-27T13:45:00Z""},""departure"":{""estimated"":null,""scheduled"":""2023-05-27T13:50:00Z""}},{""station"":""Benny"",""code"":""BENN"",""estimated"":""&mdash;"",""scheduled"":""2023-05-27T14:05:00Z"",""eta"":""&mdash;"",""arrival"":{""estimated"":null,""scheduled"":""2023-05-27T14:05:00Z""},""departure"":{""estimated"":null,""scheduled"":""2023-05-27T14:05:02Z""}},{""station"":""Stralak"",""code"":""STRL"",""estimated"":""&mdash;"",""scheduled"":""2023-05-27T14:12:00Z"",""eta"":""&mdash;"",""arrival"":{""estimated"":null,""scheduled"":""2023-05-27T14:12:00Z""},""departure"":{""estimated"":null,""scheduled"":""2023-05-27T14:12:02Z""}},{""station"":""Pogamasing"",""code"":""POGA"",""estimated"":""&mdash;"",""scheduled"":""2023-05-27T14:25:00Z"",""eta"":""&mdash;"",""arrival"":{""estimated"":null,""scheduled"":""2023-05-27T14:25:00Z""},""departure"":{""estimated"":null,""scheduled"":""2023-05-27T14:25:02Z""}},{""station"":""Sheahan"",""code"":""SHEA"",""estimated"":""&mdash;"",""scheduled"":""2023-05-27T14:30:00Z"",""eta"":""&mdash;"",""arrival"":{""estimated"":null,""scheduled"":""2023-05-27T14:30:00Z""},""departure"":{""estimated"":null,""scheduled"":""2023-05-27T14:30:02Z""}},{""station"":""Forks"",""code"":""FRKS"",""estimated"":""&mdash;"",""scheduled"":""2023-05-27T14:40:00Z"",""eta"":""&mdash;"",""arrival"":{""estimated"":null,""scheduled"":""2023-05-27T14:40:00Z""},""departure"":{""estimated"":null,""scheduled"":""2023-05-27T14:40:02Z""}},{""station"":""Metagama"",""code"":""MTGM"",""estimated"":""&mdash;"",""scheduled"":""2023-05-27T14:50:00Z"",""eta"":""&mdash;"",""arrival"":{""estimated"":null,""scheduled"":""2023-05-27T14:50:00Z""},""departure"":{""estimated"":null,""scheduled"":""2023-05-27T14:50:02Z""}},{""station"":""Sinker"",""code"":""SNKR"",""estimated"":""&mdash;"",""scheduled"":""2023-05-27T14:55:00Z"",""eta"":""&mdash;"",""arrival"":{""estimated"":null,""scheduled"":""2023-05-27T14:55:00Z""},""departure"":{""estimated"":null,""scheduled"":""2023-05-27T14:55:02Z""}},{""station"":""Biscotasing"",""code"":""BISC"",""estimated"":""&mdash;"",""scheduled"":""2023-05-27T15:20:00Z"",""eta"":""&mdash;"",""arrival"":{""estimated"":null,""scheduled"":""2023-05-27T15:20:00Z""},""departure"":{""estimated"":null,""scheduled"":""2023-05-27T15:20:02Z""}},{""station"":""Roberts"",""code"":""RBRT"",""estimated"":""&mdash;"",""scheduled"":""2023-05-27T15:30:00Z"",""eta"":""&mdash;"",""arrival"":{""estimated"":null,""scheduled"":""2023-05-27T15:30:00Z""},""departure"":{""estimated"":null,""scheduled"":""2023-05-27T15:30:02Z""}},{""station"":""Ramsey"",""code"":""RAMS"",""estimated"":""&mdash;"",""scheduled"":""2023-05-27T15:45:00Z"",""eta"":""&mdash;"",""arrival"":{""estimated"":null,""scheduled"":""2023-05-27T15:45:00Z""},""departure"":{""estimated"":null,""scheduled"":""2023-05-27T15:45:02Z""}},{""station"":""Woman River"",""code"":""WOMR"",""estimated"":""&mdash;"",""scheduled"":""2023-05-27T16:05:00Z"",""eta"":""&mdash;"",""arrival"":{""estimated"":null,""scheduled"":""2023-05-27T16:05:00Z""},""departure"":{""estimated"":null,""scheduled"":""2023-05-27T16:05:02Z""}},{""station"":""Sultan"",""code"":""SULT"",""estimated"":""&mdash;"",""scheduled"":""2023-05-27T16:20:00Z"",""eta"":""&mdash;"",""arrival"":{""estimated"":null,""scheduled"":""2023-05-27T16:20:00Z""},""departure"":{""estimated"":null,""scheduled"":""2023-05-27T16:20:02Z""}},{""station"":""Kormak"",""code"":""KORM"",""estimated"":""&mdash;"",""scheduled"":""2023-05-27T16:35:00Z"",""eta"":""&mdash;"",""arrival"":{""estimated"":null,""scheduled"":""2023-05-27T16:35:00Z""},""departure"":{""estimated"":null,""scheduled"":""2023-05-27T16:35:02Z""}},{""station"":""Kinogama"",""code"":""KINO"",""estimated"":""&mdash;"",""scheduled"":""2023-05-27T16:40:00Z"",""eta"":""&mdash;"",""arrival"":{""estimated"":null,""scheduled"":""2023-05-27T16:40:00Z""},""departure"":{""estimated"":null,""scheduled"":""2023-05-27T16:40:02Z""}},{""station"":""Nemegos"",""code"":""NEME"",""estimated"":""&mdash;"",""scheduled"":""2023-05-27T16:55:00Z"",""eta"":""&mdash;"",""arrival"":{""estimated"":null,""scheduled"":""2023-05-27T16:55:00Z""},""departure"":{""estimated"":null,""scheduled"":""2023-05-27T16:55:02Z""}},{""station"":""Devon"",""code"":""DEVN"",""estimated"":""&mdash;"",""scheduled"":""2023-05-27T17:05:00Z"",""eta"":""&mdash;"",""arrival"":{""estimated"":null,""scheduled"":""2023-05-27T17:05:00Z""},""departure"":{""estimated"":null,""scheduled"":""2023-05-27T17:05:02Z""}},{""station"":""Chapleau"",""code"":""CHAP"",""estimated"":""&mdash;"",""scheduled"":""2023-05-27T17:20:00Z"",""eta"":""&mdash;"",""arrival"":{""estimated"":null,""scheduled"":""2023-05-27T17:20:00Z""},""departure"":{""estimated"":null,""scheduled"":""2023-05-27T17:35:00Z""}},{""station"":""Esher"",""code"":""ESHR"",""estimated"":""&mdash;"",""scheduled"":""2023-05-27T17:50:00Z"",""eta"":""&mdash;"",""arrival"":{""estimated"":null,""scheduled"":""2023-05-27T17:50:00Z""},""departure"":{""estimated"":null,""scheduled"":""2023-05-27T17:50:02Z""}},{""station"":""Musk"",""code"":""MUSK"",""estimated"":""&mdash;"",""scheduled"":""2023-05-27T18:00:00Z"",""eta"":""&mdash;"",""arrival"":{""estimated"":null,""scheduled"":""2023-05-27T18:00:00Z""},""departure"":{""estimated"":null,""scheduled"":""2023-05-27T18:00:02Z""}},{""station"":""Nicholson"",""code"":""NICH"",""estimated"":""&mdash;"",""scheduled"":""2023-05-27T18:10:00Z"",""eta"":""&mdash;"",""arrival"":{""estimated"":null,""scheduled"":""2023-05-27T18:10:00Z""},""departure"":{""estimated"":null,""scheduled"":""2023-05-27T18:10:02Z""}},{""station"":""Bolkow"",""code"":""BOLK"",""estimated"":""&mdash;"",""scheduled"":""2023-05-27T18:30:00Z"",""eta"":""&mdash;"",""arrival"":{""estimated"":null,""scheduled"":""2023-05-27T18:30:00Z""},""departure"":{""estimated"":null,""scheduled"":""2023-05-27T18:30:02Z""}},{""station"":""Dalton"",""code"":""DALT"",""estimated"":""&mdash;"",""scheduled"":""2023-05-27T18:45:00Z"",""eta"":""&mdash;"",""arrival"":{""estimated"":null,""scheduled"":""2023-05-27T18:45:00Z""},""departure"":{""estimated"":null,""scheduled"":""2023-05-27T18:45:02Z""}},{""station"":""Missanabie"",""code"":""MSBI"",""estimated"":""&mdash;"",""scheduled"":""2023-05-27T19:10:00Z"",""eta"":""&mdash;"",""arrival"":{""estimated"":null,""scheduled"":""2023-05-27T19:10:00Z""},""departure"":{""estimated"":null,""scheduled"":""2023-05-27T19:10:02Z""}},{""station"":""Lochalsh"",""code"":""LOCH"",""estimated"":""&mdash;"",""scheduled"":""2023-05-27T19:30:00Z"",""eta"":""&mdash;"",""arrival"":{""estimated"":null,""scheduled"":""2023-05-27T19:30:00Z""},""departure"":{""estimated"":null,""scheduled"":""2023-05-27T19:30:02Z""}},{""station"":""Franz"",""code"":""FRNZ"",""estimated"":""&mdash;"",""scheduled"":""2023-05-27T19:50:00Z"",""eta"":""&mdash;"",""arrival"":{""estimated"":null,""scheduled"":""2023-05-27T19:50:00Z""},""departure"":{""estimated"":null,""scheduled"":""2023-05-27T19:50:02Z""}},{""station"":""Swanson"",""code"":""SWAN"",""estimated"":""&mdash;"",""scheduled"":""2023-05-27T20:00:00Z"",""eta"":""&mdash;"",""arrival"":{""estimated"":null,""scheduled"":""2023-05-27T20:00:00Z""},""departure"":{""estimated"":null,""scheduled"":""2023-05-27T20:00:02Z""}},{""station"":""Girdwood"",""code"":""GIRD"",""estimated"":""&mdash;"",""scheduled"":""2023-05-27T20:25:00Z"",""eta"":""&mdash;"",""arrival"":{""estimated"":null,""scheduled"":""2023-05-27T20:25:00Z""},""departure"":{""estimated"":null,""scheduled"":""2023-05-27T20:25:02Z""}},{""station"":""Amyot"",""code"":""AMYO"",""estimated"":""&mdash;"",""scheduled"":""2023-05-27T20:35:00Z"",""eta"":""&mdash;"",""arrival"":{""estimated"":null,""scheduled"":""2023-05-27T20:35:00Z""},""departure"":{""estimated"":null,""scheduled"":""2023-05-27T20:35:30Z""}},{""station"":""O'Brien"",""code"":""OBRI"",""estimated"":""&mdash;"",""scheduled"":""2023-05-27T20:50:00Z"",""eta"":""&mdash;"",""arrival"":{""estimated"":null,""scheduled"":""2023-05-27T20:50:00Z""},""departure"":{""estimated"":null,""scheduled"":""2023-05-27T20:50:02Z""}},{""station"":""White River"",""code"":""WHTR"",""estimated"":""&mdash;"",""scheduled"":""2023-05-27T21:05:00Z"",""eta"":""&mdash;"",""arrival"":{""estimated"":null,""scheduled"":""2023-05-27T21:05:00Z""}}]"
"52",43.6725,-79.3357,100,57,"2023-05-27T12:39:41Z",true,false,"TORONTO","OTTAWA","2023-05-27",0,"[{""station"":""Toronto"",""code"":""TRTO"",""estimated"":""2023-05-27T12:32:01Z"",""scheduled"":""2023-05-27T12:32:00Z"",""eta"":""ARR"",""departure"":{""estimated"":""2023-05-27T12:32:01Z"",""scheduled"":""2023-05-27T12:32:00Z""},""diff"":""goo"",""diffMin"":0},{""station"":""Guildwood"",""code"":""GUIL"",""estimated"":""2023-05-27T12:50:58Z"",""scheduled"":""2023-05-27T12:50:00Z"",""eta"":""11 mins"",""arrival"":{""estimated"":""2023-05-27T12:50:58Z"",""scheduled"":""2023-05-27T12:50:00Z""},""departure"":{""estimated"":""2023-05-27T12:52:58Z"",""scheduled"":""2023-05-27T12:52:00Z""},""diff"":""goo"",""diffMin"":0},{""station"":""Oshawa"",""code"":""OSHA"",""estimated"":""2023-05-27T13:08:58Z"",""scheduled"":""2023-05-27T13:08:00Z"",""eta"":""29 mins"",""arrival"":{""estimated"":""2023-05-27T13:08:58Z"",""scheduled"":""2023-05-27T13:08:00Z""},""departure"":{""estimated"":""2023-05-27T13:11:58Z"",""scheduled"":""2023-05-27T13:11:00Z""},""diff"":""goo"",""diffMin"":0},{""station"":""Cobourg"",""code"":""CBRG"",""estimated"":""2023-05-27T13:41:58Z"",""scheduled"":""2023-05-27T13:41:00Z"",""eta"":""1h02"",""arrival"":{""estimated"":""2023-05-27T13:41:58Z"",""scheduled"":""2023-05-27T13:41:00Z""},""departure"":{""estimated"":""2023-05-27T13:43:58Z"",""scheduled"":""2023-05-27T13:43:00Z""},""diff"":""goo"",""diffMin"":0},{""station"":""Belleville"",""code"":""BLVL"",""estimated"":""2023-05-27T14:18:58Z"",""scheduled"":""2023-05-27T14:18:00Z"",""eta"":""1h39"",""arrival"":{""estimated"":""2023-05-27T14:18:58Z"",""scheduled"":""2023-05-27T14:18:00Z""},""departure"":{""estimated"":""2023-05-27T14:20:58Z"",""scheduled"":""2023-05-27T14:20:00Z""},""diff"":""goo"",""diffMin"":0},{""station"":""Kingston"",""code"":""KGON"",""estimated"":""2023-05-27T14:57:58Z"",""scheduled"":""2023-05-27T14:57:00Z"",""eta"":""2h18"",""arrival"":{""estimated"":""2023-05-27T14:57:58Z"",""scheduled"":""2023-05-27T14:57:00Z""},""departure"":{""estimated"":""2023-05-27T15:01:58Z"",""scheduled"":""2023-05-27T15:01:00Z""},""diff"":""goo"",""diffMin"":0},{""station"":""Brockville"",""code"":""BRKV"",""estimated"":""2023-05-27T15:54:58Z"",""scheduled"":""2023-05-27T15:54:00Z"",""eta"":""3h15"",""arrival"":{""estimated"":""2023-05-27T15:54:58Z"",""scheduled"":""2023-05-27T15:54:00Z""},""departure"":{""estimated"":""2023-05-27T15:56:58Z"",""scheduled"":""2023-05-27T15:56:00Z""},""diff"":""goo"",""diffMin"":0},{""station"":""Smiths Falls"",""code"":""SMTF"",""estimated"":""2023-05-27T16:24:58Z"",""scheduled"":""2023-05-27T16:24:00Z"",""eta"":""3h45"",""arrival"":{""estimated"":""2023-05-27T16:24:58Z"",""scheduled"":""2023-05-27T16:24:00Z""},""departure"":{""estimated"":""2023-05-27T16:25:58Z"",""scheduled"":""2023-05-27T16:25:00Z""},""diff"":""goo"",""diffMin"":0},{""station"":""Fallowfield"",""code"":""FALL"",""estimated"":""2023-05-27T17:04:58Z"",""scheduled"":""2023-05-27T17:04:00Z"",""eta"":""4h25"",""arrival"":{""estimated"":""2023-05-27T17:04:58Z"",""scheduled"":""2023-05-27T17:04:00Z""},""departure"":{""estimated"":""2023-05-27T17:08:58Z"",""scheduled"":""2023-05-27T17:08:00Z""},""diff"":""goo"",""diffMin"":0},{""station"":""Ottawa"",""code"":""OTTW"",""estimated"":""2023-05-27T17:25:58Z"",""scheduled"":""2023-05-27T17:25:00Z"",""eta"":""4h46"",""arrival"":{""estimated"":""2023-05-27T17:25:58Z"",""scheduled"":""2023-05-27T17:25:00Z""},""diff"":""goo"",""diffMin"":0}]"
"65",,,,,,false,false,"MONTRÉAL","TORONTO","2023-05-27",,"[{""station"":""Montréal"",""code"":""MTRL"",""estimated"":""&mdash;"",""scheduled"":""2023-05-27T15:00:00Z"",""eta"":""&mdash;"",""departure"":{""estimated"":null,""scheduled"":""2023-05-27T15:00:00Z""}},{""station"":""Dorval"",""code"":""DORV"",""estimated"":""&mdash;"",""scheduled"":""2023-05-27T15:22:00Z"",""eta"":""&mdash;"",""arrival"":{""estimated"":null,""scheduled"":""2023-05-27T15:22:00Z""},""departure"":{""estimated"":null,""scheduled"":""2023-05-27T15:26:00Z""}},{""station"":""Cornwall"",""code"":""CWLL"",""estimated"":""&mdash;"",""scheduled"":""2023-05-27T16:14:00Z"",""eta"":""&mdash;"",""arrival"":{""estimated"":null,""scheduled"":""2023-05-27T16:14:00Z""},""departure"":{""estimated"":null,""scheduled"":""2023-05-27T16:17:00Z""}},{""station"":""Kingston"",""code"":""KGON"",""estimated"":""&mdash;"",""scheduled"":""2023-05-27T17:41:00Z"",""eta"":""&mdash;"",""arrival"":{""estimated"":null,""scheduled"":""2023-05-27T17:41:00Z""},""departure"":{""estimated"":null,""scheduled"":""2023-05-27T17:45:00Z""}},{""station"":""Belleville"",""code"":""BLVL"",""estimated"":""&mdash;"",""scheduled"":""2023-05-27T18:25:00Z"",""eta"":""&mdash;"",""arrival"":{""estimated"":null,""scheduled"":""2023-05-27T18:25:00Z""},""departure"":{""estimated"":null,""scheduled"":""2023-05-27T18:27:00Z""}},{""station"":""Cobourg"",""code"":""CBRG"",""estimated"":""&mdash;"",""scheduled"":""2023-05-27T19:02:00Z"",""eta"":""&mdash;"",""arrival"":{""estimated"":null,""scheduled"":""2023-05-27T19:02:00Z""},""departure"":{""estimated"":null,""scheduled"":""2023-05-27T19:04:00Z""}},{""station"":""Oshawa"",""code"":""OSHA"",""estimated"":""&mdash;"",""scheduled"":""2023-05-27T19:37:00Z"",""eta"":""&mdash;"",""arrival"":{""estimated"":null,""scheduled"":""2023-05-27T19:37:00Z""},""departure"":{""estimated"":null,""scheduled"":""2023-05-27T19:39:00Z""}},{""station"":""Guildwood"",""code"":""GUIL"",""estimated"":""&mdash;"",""scheduled"":""2023-05-27T19:58:00Z"",""eta"":""&mdash;"",""arrival"":{""estimated"":null,""scheduled"":""2023-05-27T19:58:00Z""},""departure"":{""estimated"":null,""scheduled"":""2023-05-27T20:00:00Z""}},{""station"":""Toronto"",""code"":""TRTO"",""estimated"":""&mdash;"",""scheduled"":""2023-05-27T20:18:00Z"",""eta"":""&mdash;"",""arrival"":{""estimated"":null,""scheduled"":""2023-05-27T20:18:00Z""}}]"
"40",,,,,,false,false,"TORONTO","OTTAWA","2023-05-27",,"[{""station"":""Toronto"",""code"":""TRTO"",""estimated"":""&mdash;"",""scheduled"":""2023-05-27T14:32:00Z"",""eta"":""&mdash;"",""departure"":{""estimated"":null,""scheduled"":""2023-05-27T14:32:00Z""}},{""station"":""Guildwood"",""code"":""GUIL"",""estimated"":""&mdash;"",""scheduled"":""2023-05-27T14:51:00Z"",""eta"":""&mdash;"",""arrival"":{""estimated"":null,""scheduled"":""2023-05-27T14:51:00Z""},""departure"":{""estimated"":null,""scheduled"":""2023-05-27T14:52:00Z""}},{""station"":""Belleville"",""code"":""BLVL"",""estimated"":""&mdash;"",""scheduled"":""2023-05-27T16:07:00Z"",""eta"":""&mdash;"",""arrival"":{""estimated"":null,""scheduled"":""2023-05-27T16:07:00Z""},""departure"":{""estimated"":null,""scheduled"":""2023-05-27T16:09:00Z""}},{""station"":""Kingston"",""code"":""KGON"",""estimated"":""&mdash;"",""scheduled"":""2023-05-27T16:46:00Z"",""eta"":""&mdash;"",""arrival"":{""estimated"":null,""scheduled"":""2023-05-27T16:46:00Z""},""departure"":{""estimated"":null,""scheduled"":""2023-05-27T16:49:00Z""}},{""station"":""Fallowfield"",""code"":""FALL"",""estimated"":""&mdash;"",""scheduled"":""2023-05-27T18:30:00Z"",""eta"":""&mdash;"",""arrival"":{""estimated"":null,""scheduled"":""2023-05-27T18:30:00Z""},""departure"":{""estimated"":null,""scheduled"":""2023-05-27T18:32:00Z""}},{""station"":""Ottawa"",""code"":""OTTW"",""estimated"":""&mdash;"",""scheduled"":""2023-05-27T18:54:00Z"",""eta"":""&mdash;"",""arrival"":{""estimated"":null,""scheduled"":""2023-05-27T18:54:00Z""}}]"
"37",,,,,,false,false,"QUÉBEC","OTTAWA","2023-05-27",,"[{""station"":""Québec"",""code"":""QBEC"",""estimated"":""&mdash;"",""scheduled"":""2023-05-27T16:36:00Z"",""eta"":""&mdash;"",""departure"":{""estimated"":null,""scheduled"":""2023-05-27T16:36:00Z""}},{""station"":""Ste-Foy"",""code"":""SFOY"",""estimated"":""&mdash;"",""scheduled"":""2023-05-27T17:00:00Z"",""eta"":""&mdash;"",""arrival"":{""estimated"":null,""scheduled"":""2023-05-27T17:00:00Z""},""departure"":{""estimated"":null,""scheduled"":""2023-05-27T17:02:00Z""}},{""station"":""Drummondville"",""code"":""DRMV"",""estimated"":""&mdash;"",""scheduled"":""2023-05-27T18:43:00Z"",""eta"":""&mdash;"",""arrival"":{""estimated"":null,""scheduled"":""2023-05-27T18:43:00Z""},""departure"":{""estimated"":null,""scheduled"":""2023-05-27T18:45:00Z""}},{""station"":""St. Hyacinthe"",""code"":""SHYA"",""estimated"":""&mdash;"",""scheduled"":""2023-05-27T19:14:00Z"",""eta"":""&mdash;"",""arrival"":{""estimated"":null,""scheduled"":""2023-05-27T19:14:00Z""},""departure"":{""estimated"":null,""scheduled"":""2023-05-27T19:16:00Z""}},{""station"":""St. Lambert"",""code"":""SLAM"",""estimated"":""&mdash;"",""scheduled"":""2023-05-27T19:42:00Z"",""eta"":""&mdash;"",""arrival"":{""estimated"":null,""scheduled"":""2023-05-27T19:42:00Z""},""departure"":{""estimated"":null,""scheduled"":""2023-05-27T19:44:00Z""}},{""station"":""Montréal"",""code"":""MTRL"",""estimated"":""&mdash;"",""scheduled"":""2023-05-27T19:54:00Z"",""eta"":""&mdash;"",""arrival"":{""estimated"":null,""scheduled"":""2023-05-27T19:54:00Z""},""departure"":{""estimated"":""2023-05-27T20:30:00Z"",""scheduled"":""2023-05-27T20:30:00Z""}},{""station"":""Dorval"",""code"":""DORV"",""estimated"":""2023-05-27T21:02:00Z"",""scheduled"":""2023-05-27T21:02:00Z"",""eta"":""8h22"",""arrival"":{""estimated"":""2023-05-27T21:02:00Z"",""scheduled"":""2023-05-27T21:02:00Z""},""departure"":{""estimated"":""2023-05-27T21:04:00Z"",""scheduled"":""2023-05-27T21:04:00Z""},""diff"":""goo"",""diffMin"":0},{""station"":""Coteau"",""code"":""COTO"",""estimated"":""2023-05-27T21:28:00Z"",""scheduled"":""2023-05-27T21:28:00Z"",""eta"":""8h48"",""arrival"":{""estimated"":""2023-05-27T21:28:00Z"",""scheduled"":""2023-05-27T21:28:00Z""},""departure"":{""estimated"":""2023-05-27T21:29:00Z"",""scheduled"":""2023-05-27T21:29:00Z""},""diff"":""goo"",""diffMin"":0},{""station"":""Alexandria"",""code"":""ALEX"",""estimated"":""2023-05-27T21:50:00Z"",""scheduled"":""2023-05-27T21:50:00Z"",""eta"":""9h10"",""arrival"":{""estimated"":""2023-05-27T21:50:00Z"",""scheduled"":""2023-05-27T21:50:00Z""},""departure"":{""estimated"":""2023-05-27T21:51:00Z"",""scheduled"":""2023-05-27T21:51:00Z""},""diff"":""goo"",""diffMin"":0},{""station"":""Ottawa"",""code"":""OTTW"",""estimated"":""2023-05-27T22:35:00Z"",""scheduled"":""2023-05-27T22:35:00Z"",""eta"":""9h55"",""arrival"":{""estimated"":""2023-05-27T22:35:00Z"",""scheduled"":""2023-05-27T22:35:00Z""},""diff"":""goo"",""diffMin"":0}]"
"53",,,,,,false,false,"OTTAWA","TORONTO","2023-05-27",,"[{""station"":""Ottawa"",""code"":""OTTW"",""estimated"":""&mdash;"",""scheduled"":""2023-05-27T15:45:00Z"",""eta"":""&mdash;"",""departure"":{""estimated"":null,""scheduled"":""2023-05-27T15:45:00Z""}},{""station"":""Fallowfield"",""code"":""FALL"",""estimated"":""&mdash;"",""scheduled"":""2023-05-27T16:02:00Z"",""eta"":""&mdash;"",""arrival"":{""estimated"":null,""scheduled"":""2023-05-27T16:02:00Z""},""departure"":{""estimated"":null,""scheduled"":""2023-05-27T16:05:00Z""}},{""station"":""Smiths Falls"",""code"":""SMTF"",""estimated"":""&mdash;"",""scheduled"":""2023-05-27T16:34:00Z"",""eta"":""&mdash;"",""arrival"":{""estimated"":null,""scheduled"":""2023-05-27T16:34:00Z""},""departure"":{""estimated"":null,""scheduled"":""2023-05-27T16:35:00Z""}},{""station"":""Brockville"",""code"":""BRKV"",""estimated"":""&mdash;"",""scheduled"":""2023-05-27T17:09:00Z"",""eta"":""&mdash;"",""arrival"":{""estimated"":null,""scheduled"":""2023-05-27T17:09:00Z""},""departure"":{""estimated"":null,""scheduled"":""2023-05-27T17:10:00Z""}},{""station"":""Gananoque"",""code"":""GANA"",""estimated"":""&mdash;"",""scheduled"":""2023-05-27T17:36:00Z"",""eta"":""&mdash;"",""arrival"":{""estimated"":null,""scheduled"":""2023-05-27T17:36:00Z""},""departure"":{""estimated"":null,""scheduled"":""2023-05-27T17:37:00Z""}},{""station"":""Kingston"",""code"":""KGON"",""estimated"":""&mdash;"",""scheduled"":""2023-05-27T17:57:00Z"",""eta"":""&mdash;"",""arrival"":{""estimated"":null,""scheduled"":""2023-05-27T17:57:00Z""},""departure"":{""estimated"":null,""scheduled"":""2023-05-27T18:01:00Z""}},{""station"":""Belleville"",""code"":""BLVL"",""estimated"":""&mdash;"",""scheduled"":""2023-05-27T18:40:00Z"",""eta"":""&mdash;"",""arrival"":{""estimated"":null,""scheduled"":""2023-05-27T18:40:00Z""},""departure"":{""estimated"":null,""scheduled"":""2023-05-27T18:43:00Z""}},{""station"":""Cobourg"",""code"":""CBRG"",""estimated"":""&mdash;"",""scheduled"":""2023-05-27T19:20:00Z"",""eta"":""&mdash;"",""arrival"":{""estimated"":null,""scheduled"":""2023-05-27T19:20:00Z""},""departure"":{""estimated"":null,""scheduled"":""2023-05-27T19:21:00Z""}},{""station"":""Oshawa"",""code"":""OSHA"",""estimated"":""&mdash;"",""scheduled"":""2023-05-27T19:53:00Z"",""eta"":""&mdash;"",""arrival"":{""estimated"":null,""scheduled"":""2023-05-27T19:53:00Z""},""departure"":{""estimated"":null,""scheduled"":""2023-05-27T19:56:00Z""}},{""station"":""Toronto"",""code"":""TRTO"",""estimated"":""&mdash;"",""scheduled"":""2023-05-27T20:33:00Z"",""eta"":""&mdash;"",""arrival"":{""estimated"":null,""scheduled"":""2023-05-27T20:33:00Z""}}]"
"60",43.9768,-78.0278,127,79,"2023-05-27T12:39:45Z",true,false,"TORONTO","MONTRÉAL","2023-05-27",0,"[{""station"":""Toronto"",""code"":""TRTO"",""estimated"":""2023-05-27T10:47:05Z"",""scheduled"":""2023-05-27T10:47:00Z"",""eta"":""ARR"",""departure"":{""estimated"":""2023-05-27T10:47:05Z"",""scheduled"":""2023-05-27T10:47:00Z""},""diff"":""goo"",""diffMin"":0},{""station"":""Guildwood"",""code"":""GUIL"",""estimated"":""2023-05-27T11:02:24Z"",""scheduled"":""2023-05-27T11:04:00Z"",""eta"":""ARR"",""arrival"":{""estimated"":""2023-05-27T11:02:24Z"",""scheduled"":""2023-05-27T11:04:00Z""},""departure"":{""estimated"":""2023-05-27T11:04:35Z"",""scheduled"":""2023-05-27T11:07:00Z""},""diff"":""goo"",""diffMin"":-1},{""station"":""Oshawa"",""code"":""OSHA"",""estimated"":""2023-05-27T11:33:14Z"",""scheduled"":""2023-05-27T11:22:00Z"",""eta"":""ARR"",""arrival"":{""estimated"":""2023-05-27T11:33:14Z"",""scheduled"":""2023-05-27T11:22:00Z""},""departure"":{""estimated"":""2023-05-27T11:33:14Z"",""scheduled"":""2023-05-27T11:26:00Z""},""diff"":""med"",""diffMin"":11},{""station"":""Cobourg"",""code"":""CBRG"",""estimated"":""2023-05-27T12:31:10Z"",""scheduled"":""2023-05-27T11:58:00Z"",""eta"":""ARR"",""arrival"":{""estimated"":""2023-05-27T12:31:10Z"",""scheduled"":""2023-05-27T11:58:00Z""},""departure"":{""estimated"":""2023-05-27T12:31:10Z"",""scheduled"":""2023-05-27T12:01:00Z""},""diff"":""bad"",""diffMin"":33},{""station"":""Belleville"",""code"":""BLVL"",""estimated"":""2023-05-27T13:05:57Z"",""scheduled"":""2023-05-27T12:33:00Z"",""eta"":""26 mins"",""arrival"":{""estimated"":""2023-05-27T13:05:57Z"",""scheduled"":""2023-05-27T12:33:00Z""},""departure"":{""estimated"":""2023-05-27T13:05:57Z"",""scheduled"":""2023-05-27T12:36:00Z""},""diff"":""bad"",""diffMin"":32},{""station"":""Kingston"",""code"":""KGON"",""estimated"":""2023-05-27T13:46:57Z"",""scheduled"":""2023-05-27T13:14:00Z"",""eta"":""1h07"",""arrival"":{""estimated"":""2023-05-27T13:46:57Z"",""scheduled"":""2023-05-27T13:14:00Z""},""departure"":{""estimated"":""2023-05-27T13:46:57Z"",""scheduled"":""2023-05-27T13:18:00Z""},""diff"":""bad"",""diffMin"":32},{""station"":""Cornwall"",""code"":""CWLL"",""estimated"":""2023-05-27T15:25:57Z"",""scheduled"":""2023-05-27T14:53:00Z"",""eta"":""2h46"",""arrival"":{""estimated"":""2023-05-27T15:25:57Z"",""scheduled"":""2023-05-27T14:53:00Z""},""departure"":{""estimated"":""2023-05-27T15:25:57Z"",""scheduled"":""2023-05-27T14:55:00Z""},""diff"":""bad"",""diffMin"":32},{""station"":""Dorval"",""code"":""DORV"",""estimated"":""2023-05-27T16:13:57Z"",""scheduled"":""2023-05-27T15:41:00Z"",""eta"":""3h34"",""arrival"":{""estimated"":""2023-05-27T16:13:57Z"",""scheduled"":""2023-05-27T15:41:00Z""},""departure"":{""estimated"":""2023-05-27T16:13:57Z"",""scheduled"":""2023-05-27T15:44:00Z""},""diff"":""bad"",""diffMin"":32},{""station"":""Montréal"",""code"":""MTRL"",""estimated"":""2023-05-27T16:36:57Z"",""scheduled"":""2023-05-27T16:04:00Z"",""eta"":""3h57"",""arrival"":{""estimated"":""2023-05-27T16:36:57Z"",""scheduled"":""2023-05-27T16:04:00Z""},""diff"":""bad"",""diffMin"":32}]"
"70",43.1693,-80.3023,125,114,"2023-05-27T12:39:36Z",true,false,"WINDSOR","TORONTO","2023-05-27",0,"[{""station"":""Windsor"",""code"":""WDON"",""estimated"":""2023-05-27T09:40:06Z"",""scheduled"":""2023-05-27T09:40:00Z"",""eta"":""ARR"",""departure"":{""estimated"":""2023-05-27T09:40:06Z"",""scheduled"":""2023-05-27T09:40:00Z""},""diff"":""goo"",""diffMin"":0},{""station"":""Chatham"",""code"":""CHAT"",""estimated"":""2023-05-27T10:23:02Z"",""scheduled"":""2023-05-27T10:24:00Z"",""eta"":""ARR"",""arrival"":{""estimated"":""2023-05-27T10:23:02Z"",""scheduled"":""2023-05-27T10:24:00Z""},""departure"":{""estimated"":""2023-05-27T10:26:46Z"",""scheduled"":""2023-05-27T10:28:00Z""},""diff"":""goo"",""diffMin"":0},{""station"":""London"",""code"":""LNDN"",""estimated"":""2023-05-27T11:34:17Z"",""scheduled"":""2023-05-27T11:30:00Z"",""eta"":""ARR"",""arrival"":{""estimated"":""2023-05-27T11:34:17Z"",""scheduled"":""2023-05-27T11:30:00Z""},""departure"":{""estimated"":""2023-05-27T11:40:00Z"",""scheduled"":""2023-05-27T11:40:00Z""},""diff"":""goo"",""diffMin"":4},{""station"":""Ingersoll"",""code"":""INGR"",""estimated"":""2023-05-27T12:00:00Z"",""scheduled"":""2023-05-27T12:00:00Z"",""eta"":""ARR"",""arrival"":{""estimated"":""2023-05-27T12:00:00Z"",""scheduled"":""2023-05-27T12:00:00Z""},""departure"":{""estimated"":""2023-05-27T12:02:00Z"",""scheduled"":""2023-05-27T12:02:00Z""},""diff"":""goo"",""diffMin"":0},{""station"":""Woodstock"",""code"":""WDST"",""estimated"":""2023-05-27T12:13:00Z"",""scheduled"":""2023-05-27T12:13:00Z"",""eta"":""ARR"",""arrival"":{""estimated"":""2023-05-27T12:13:00Z"",""scheduled"":""2023-05-27T12:13:00Z""},""departure"":{""estimated"":""2023-05-27T12:17:00Z"",""scheduled"":""2023-05-27T12:17:00Z""},""diff"":""goo"",""diffMin"":0},{""station"":""Brantford"",""code"":""BRTF"",""estimated"":""2023-05-27T12:49:00Z"",""scheduled"":""2023-05-27T12:49:00Z"",""eta"":""9 mins"",""arrival"":{""estimated"":""2023-05-27T12:49:00Z"",""scheduled"":""2023-05-27T12:49:00Z""},""departure"":{""estimated"":""2023-05-27T12:51:00Z"",""scheduled"":""2023-05-27T12:51:00Z""},""diff"":""goo"",""diffMin"":0},{""station"":""Aldershot"",""code"":""ALDR"",""estimated"":""2023-05-27T13:28:00Z"",""scheduled"":""2023-05-27T13:28:00Z"",""eta"":""48 mins"",""arrival"":{""estimated"":""2023-05-27T13:28:00Z"",""scheduled"":""2023-05-27T13:28:00Z""},""departure"":{""estimated"":""2023-05-27T13:31:00Z"",""scheduled"":""2023-05-27T13:31:00Z""},""diff"":""goo"",""diffMin"":0},{""station"":""Oakville"",""code"":""OAKV"",""estimated"":""2023-05-27T13:43:00Z"",""scheduled"":""2023-05-27T13:43:00Z"",""eta"":""1h03"",""arrival"":{""estimated"":""2023-05-27T13:43:00Z"",""scheduled"":""2023-05-27T13:43:00Z""},""departure"":{""estimated"":""2023-05-27T13:46:00Z"",""scheduled"":""2023-05-27T13:46:00Z""},""diff"":""goo"",""diffMin"":0},{""station"":""Toronto"",""code"":""TRTO"",""estimated"":""2023-05-27T14:10:00Z"",""scheduled"":""2023-05-27T14:10:00Z"",""eta"":""1h30"",""arrival"":{""estimated"":""2023-05-27T14:10:00Z"",""scheduled"":""2023-05-27T14:10:00Z""},""diff"":""goo"",""diffMin"":0}]"
"44",,,,,,false,false,"TORONTO","OTTAWA","2023-05-27",,"[{""station"":""Toronto"",""code"":""TRTO"",""estimated"":""&mdash;"",""scheduled"":""2023-05-27T18:17:00Z"",""eta"":""&mdash;"",""departure"":{""estimated"":null,""scheduled"":""2023-05-27T18:17:00Z""}},{""station"":""Oshawa"",""code"":""OSHA"",""estimated"":""&mdash;"",""scheduled"":""2023-05-27T18:53:00Z"",""eta"":""&mdash;"",""arrival"":{""estimated"":null,""scheduled"":""2023-05-27T18:53:00Z""},""departure"":{""estimated"":null,""scheduled"":""2023-05-27T18:56:00Z""}},{""station"":""Kingston"",""code"":""KGON"",""estimated"":""&mdash;"",""scheduled"":""2023-05-27T20:34:00Z"",""eta"":""&mdash;"",""arrival"":{""estimated"":null,""scheduled"":""2023-05-27T20:34:00Z""},""departure"":{""estimated"":null,""scheduled"":""2023-05-27T20:38:00Z""}},{""station"":""Brockville"",""code"":""BRKV"",""estimated"":""&mdash;"",""scheduled"":""2023-05-27T21:20:00Z"",""eta"":""&mdash;"",""arrival"":{""estimated"":null,""scheduled"":""2023-05-27T21:20:00Z""},""departure"":{""estimated"":null,""scheduled"":""2023-05-27T21:22:00Z""}},{""station"":""Smiths Falls"",""code"":""SMTF"",""estimated"":""&mdash;"",""scheduled"":""2023-05-27T21:50:00Z"",""eta"":""&mdash;"",""arrival"":{""estimated"":null,""scheduled"":""2023-05-27T21:50:00Z""},""departure"":{""estimated"":null,""scheduled"":""2023-05-27T21:52:00Z""}},{""station"":""Fallowfield"",""code"":""FALL"",""estimated"":""&mdash;"",""scheduled"":""2023-05-27T22:22:00Z"",""eta"":""&mdash;"",""arrival"":{""estimated"":null,""scheduled"":""2023-05-27T22:22:00Z""},""departure"":{""estimated"":null,""scheduled"":""2023-05-27T22:26:00Z""}},{""station"":""Ottawa"",""code"":""OTTW"",""estimated"":""&mdash;"",""scheduled"":""2023-05-27T22:43:00Z"",""eta"":""&mdash;"",""arrival"":{""estimated"":null,""scheduled"":""2023-05-27T22:43:00Z""}}]"
"26",,,,,,false,false,"OTTAWA","QUÉBEC","2023-05-27",,"[{""station"":""Ottawa"",""code"":""OTTW"",""estimated"":""&mdash;"",""scheduled"":""2023-05-27T18:20:00Z"",""eta"":""&mdash;"",""departure"":{""estimated"":null,""scheduled"":""2023-05-27T18:20:00Z""}},{""station"":""Alexandria"",""code"":""ALEX"",""estimated"":""&mdash;"",""scheduled"":""2023-05-27T19:06:00Z"",""eta"":""&mdash;"",""arrival"":{""estimated"":null,""scheduled"":""2023-05-27T19:06:00Z""},""departure"":{""estimated"":null,""scheduled"":""2023-05-27T19:08:00Z""}},{""station"":""Coteau"",""code"":""COTO"",""estimated"":""&mdash;"",""scheduled"":""2023-05-27T19:29:00Z"",""eta"":""&mdash;"",""arrival"":{""estimated"":null,""scheduled"":""2023-05-27T19:29:00Z""},""departure"":{""estimated"":null,""scheduled"":""2023-05-27T19:29:02Z""}},{""station"":""Dorval"",""code"":""DORV"",""estimated"":""&mdash;"",""scheduled"":""2023-05-27T19:53:00Z"",""eta"":""&mdash;"",""arrival"":{""estimated"":null,""scheduled"":""2023-05-27T19:53:00Z""},""departure"":{""estimated"":null,""scheduled"":""2023-05-27T19:55:00Z""}},{""station"":""Montréal"",""code"":""MTRL"",""estimated"":""&mdash;"",""scheduled"":""2023-05-27T20:15:00Z"",""eta"":""&mdash;"",""arrival"":{""estimated"":null,""scheduled"":""2023-05-27T20:15:00Z""},""departure"":{""estimated"":""2023-05-27T20:40:00Z"",""scheduled"":""2023-05-27T20:40:00Z""}},{""station"":""St. Lambert"",""code"":""SLAM"",""estimated"":""2023-05-27T21:01:00Z"",""scheduled"":""2023-05-27T21:01:00Z"",""eta"":""8h21"",""arrival"":{""estimated"":""2023-05-27T21:01:00Z"",""scheduled"":""2023-05-27T21:01:00Z""},""departure"":{""estimated"":""2023-05-27T21:02:00Z"",""scheduled"":""2023-05-27T21:02:00Z""},""diff"":""goo"",""diffMin"":0},{""station"":""St. Hyacinthe"",""code"":""SHYA"",""estimated"":""2023-05-27T21:28:00Z"",""scheduled"":""2023-05-27T21:28:00Z"",""eta"":""8h48"",""arrival"":{""estimated"":""2023-05-27T21:28:00Z"",""scheduled"":""2023-05-27T21:28:00Z""},""departure"":{""estimated"":""2023-05-27T21:29:00Z"",""scheduled"":""2023-05-27T21:29:00Z""},""diff"":""goo"",""diffMin"":0},{""station"":""Drummondville"",""code"":""DRMV"",""estimated"":""2023-05-27T22:13:00Z"",""scheduled"":""2023-05-27T22:13:00Z"",""eta"":""9h33"",""arrival"":{""estimated"":""2023-05-27T22:13:00Z"",""scheduled"":""2023-05-27T22:13:00Z""},""departure"":{""estimated"":""2023-05-27T22:15:00Z"",""scheduled"":""2023-05-27T22:15:00Z""},""diff"":""goo"",""diffMin"":0},{""station"":""Charny"",""code"":""CHNY"",""estimated"":""2023-05-27T23:52:00Z"",""scheduled"":""2023-05-27T23:52:00Z"",""eta"":""11h12"",""arrival"":{""estimated"":""2023-05-27T23:52:00Z"",""scheduled"":""2023-05-27T23:52:00Z""},""departure"":{""estimated"":""2023-05-27T23:54:00Z"",""scheduled"":""2023-05-27T23:54:00Z""},""diff"":""goo"",""diffMin"":0},{""station"":""Ste-Foy"",""code"":""SFOY"",""estimated"":""2023-05-28T00:01:00Z"",""scheduled"":""2023-05-28T00:01:00Z"",""eta"":""11h21"",""arrival"":{""estimated"":""2023-05-28T00:01:00Z"",""scheduled"":""2023-05-28T00:01:00Z""},""departure"":{""estimated"":""2023-05-28T00:03:00Z"",""scheduled"":""2023-05-28T00:03:00Z""},""diff"":""goo"",""diffMin"":0},{""station"":""Québec"",""code"":""QBEC"",""estimated"":""2023-05-28T00:26:00Z"",""scheduled"":""2023-05-28T00:26:00Z"",""eta"":""11h46"",""arrival"":{""estimated"":""2023-05-28T00:26:00Z"",""scheduled"":""2023-05-28T00:26:00Z""},""diff"":""goo"",""diffMin"":0}]"
"645",,,,,,false,false,"OTTAWA","TORONTO","2023-05-27",,"[{""station"":""Ottawa"",""code"":""OTTW"",""estimated"":""&mdash;"",""scheduled"":""2023-05-27T18:32:00Z"",""eta"":""&mdash;"",""departure"":{""estimated"":null,""scheduled"":""2023-05-27T18:32:00Z""}},{""station"":""Fallowfield"",""code"":""FALL"",""estimated"":""&mdash;"",""scheduled"":""2023-05-27T18:54:00Z"",""eta"":""&mdash;"",""arrival"":{""estimated"":null,""scheduled"":""2023-05-27T18:54:00Z""},""departure"":{""estimated"":null,""scheduled"":""2023-05-27T18:57:00Z""}},{""station"":""Kingston"",""code"":""KGON"",""estimated"":""&mdash;"",""scheduled"":""2023-05-27T20:34:00Z"",""eta"":""&mdash;"",""arrival"":{""estimated"":null,""scheduled"":""2023-05-27T20:34:00Z""},""departure"":{""estimated"":null,""scheduled"":""2023-05-27T20:37:00Z""}},{""station"":""Belleville"",""code"":""BLVL"",""estimated"":""&mdash;"",""scheduled"":""2023-05-27T21:16:00Z"",""eta"":""&mdash;"",""arrival"":{""estimated"":null,""scheduled"":""2023-05-27T21:16:00Z""},""departure"":{""estimated"":null,""scheduled"":""2023-05-27T21:18:00Z""}},{""station"":""Oshawa"",""code"":""OSHA"",""estimated"":""&mdash;"",""scheduled"":""2023-05-27T22:23:00Z"",""eta"":""&mdash;"",""arrival"":{""estimated"":null,""scheduled"":""2023-05-27T22:23:00Z""},""departure"":{""estimated"":null,""scheduled"":""2023-05-27T22:25:00Z""}},{""station"":""Toronto"",""code"":""TRTO"",""estimated"":""&mdash;"",""scheduled"":""2023-05-27T23:03:00Z"",""eta"":""&mdash;"",""arrival"":{""estimated"":null,""scheduled"":""2023-05-27T23:03:00Z""}}]"
"39",,,,,,false,false,"QUÉBEC","OTTAWA","2023-05-27",,"[{""station"":""Québec"",""code"":""QBEC"",""estimated"":""&mdash;"",""scheduled"":""2023-05-27T19:00:00Z"",""eta"":""&mdash;"",""departure"":{""estimated"":null,""scheduled"":""2023-05-27T19:00:00Z""}},{""station"":""Ste-Foy"",""code"":""SFOY"",""estimated"":""&mdash;"",""scheduled"":""2023-05-27T19:24:00Z"",""eta"":""&mdash;"",""arrival"":{""estimated"":null,""scheduled"":""2023-05-27T19:24:00Z""},""departure"":{""estimated"":null,""scheduled"":""2023-05-27T19:26:00Z""}},{""station"":""Drummondville"",""code"":""DRMV"",""estimated"":""&mdash;"",""scheduled"":""2023-05-27T20:52:00Z"",""eta"":""&mdash;"",""arrival"":{""estimated"":null,""scheduled"":""2023-05-27T20:52:00Z""},""departure"":{""estimated"":null,""scheduled"":""2023-05-27T20:54:00Z""}},{""station"":""St. Lambert"",""code"":""SLAM"",""estimated"":""&mdash;"",""scheduled"":""2023-05-27T21:59:00Z"",""eta"":""&mdash;"",""arrival"":{""estimated"":null,""scheduled"":""2023-05-27T21:59:00Z""},""departure"":{""estimated"":null,""scheduled"":""2023-05-27T22:00:00Z""}},{""station"":""Montréal"",""code"":""MTRL"",""estimated"":""&mdash;"",""scheduled"":""2023-05-27T22:11:00Z"",""eta"":""&mdash;"",""arrival"":{""estimated"":null,""scheduled"":""2023-05-27T22:11:00Z""},""departure"":{""estimated"":""2023-05-27T22:50:00Z"",""scheduled"":""2023-05-27T22:50:00Z""}},{""station"":""Dorval"",""code"":""DORV"",""estimated"":""2023-05-27T23:22:00Z"",""scheduled"":""2023-05-27T23:22:00Z"",""eta"":""10h42"",""arrival"":{""estimated"":""2023-05-27T23:22:00Z"",""scheduled"":""2023-05-27T23:22:00Z""},""departure"":{""estimated"":""2023-05-27T23:24:00Z"",""scheduled"":""2023-05-27T23:24:00Z""},""diff"":""goo"",""diffMin"":0},{""station"":""Coteau"",""code"":""COTO"",""estimated"":""2023-05-27T23:49:00Z"",""scheduled"":""2023-05-27T23:49:00Z"",""eta"":""11h09"",""arrival"":{""estimated"":""2023-05-27T23:49:00Z"",""scheduled"":""2023-05-27T23:49:00Z""},""departure"":{""estimated"":""2023-05-27T23:51:00Z"",""scheduled"":""2023-05-27T23:51:00Z""},""diff"":""goo"",""diffMin"":0},{""station"":""Alexandria"",""code"":""ALEX"",""estimated"":""2023-05-28T00:17:00Z"",""scheduled"":""2023-05-28T00:17:00Z"",""eta"":""11h37"",""arrival"":{""estimated"":""2023-05-28T00:17:00Z"",""scheduled"":""2023-05-28T00:17:00Z""},""departure"":{""estimated"":""2023-05-28T00:18:00Z"",""scheduled"":""2023-05-28T00:18:00Z""},""diff"":""goo"",""diffMin"":0},{""station"":""Ottawa"",""code"":""OTTW"",""estimated"":""2023-05-28T01:02:00Z"",""scheduled"":""2023-05-28T01:02:00Z"",""eta"":""12h22"",""arrival"":{""estimated"":""2023-05-28T01:02:00Z"",""scheduled"":""2023-05-28T01:02:00Z""},""diff"":""goo"",""diffMin"":0}]"
"66",,,,,,false,false,"TORONTO","MONTRÉAL","2023-05-27",,"[{""station"":""Toronto"",""code"":""TRTO"",""estimated"":""&mdash;"",""scheduled"":""2023-05-27T19:17:00Z"",""eta"":""&mdash;"",""departure"":{""estimated"":null,""scheduled"":""2023-05-27T19:17:00Z""}},{""station"":""Guildwood"",""code"":""GUIL"",""estimated"":""&mdash;"",""scheduled"":""2023-05-27T19:35:00Z"",""eta"":""&mdash;"",""arrival"":{""estimated"":null,""scheduled"":""2023-05-27T19:35:00Z""},""departure"":{""estimated"":null,""scheduled"":""2023-05-27T19:37:00Z""}},{""station"":""Oshawa"",""code"":""OSHA"",""estimated"":""&mdash;"",""scheduled"":""2023-05-27T19:53:00Z"",""eta"":""&mdash;"",""arrival"":{""estimated"":null,""scheduled"":""2023-05-27T19:53:00Z""},""departure"":{""estimated"":null,""scheduled"":""2023-05-27T19:56:00Z""}},{""station"":""Belleville"",""code"":""BLVL"",""estimated"":""&mdash;"",""scheduled"":""2023-05-27T20:59:00Z"",""eta"":""&mdash;"",""arrival"":{""estimated"":null,""scheduled"":""2023-05-27T20:59:00Z""},""departure"":{""estimated"":null,""scheduled"":""2023-05-27T21:02:00Z""}},{""station"":""Kingston"",""code"":""KGON"",""estimated"":""&mdash;"",""scheduled"":""2023-05-27T21:37:00Z"",""eta"":""&mdash;"",""arrival"":{""estimated"":null,""scheduled"":""2023-05-27T21:37:00Z""},""departure"":{""estimated"":null,""scheduled"":""2023-05-27T21:41:00Z""}},{""station"":""Cornwall"",""code"":""CWLL"",""estimated"":""&mdash;"",""scheduled"":""2023-05-27T23:06:00Z"",""eta"":""&mdash;"",""arrival"":{""estimated"":null,""scheduled"":""2023-05-27T23:06:00Z""},""departure"":{""estimated"":null,""scheduled"":""2023-05-27T23:08:00Z""}},{""station"":""Dorval"",""code"":""DORV"",""estimated"":""&mdash;"",""scheduled"":""2023-05-27T23:54:00Z"",""eta"":""&mdash;"",""arrival"":{""estimated"":null,""scheduled"":""2023-05-27T23:54:00Z""},""departure"":{""estimated"":null,""scheduled"":""2023-05-27T23:57:00Z""}},{""station"":""Montréal"",""code"":""MTRL"",""estimated"":""&mdash;"",""scheduled"":""2023-05-28T00:18:00Z"",""eta"":""&mdash;"",""arrival"":{""estimated"":null,""scheduled"":""2023-05-28T00:18:00Z""}}]"
"46",,,,,,false,false,"TORONTO","OTTAWA","2023-05-27",,"[{""station"":""Toronto"",""code"":""TRTO"",""estimated"":""&mdash;"",""scheduled"":""2023-05-27T19:32:00Z"",""eta"":""&mdash;"",""departure"":{""estimated"":null,""scheduled"":""2023-05-27T19:32:00Z""}},{""station"":""Guildwood"",""code"":""GUIL"",""estimated"":""&mdash;"",""scheduled"":""2023-05-27T19:50:00Z"",""eta"":""&mdash;"",""arrival"":{""estimated"":null,""scheduled"":""2023-05-27T19:50:00Z""},""departure"":{""estimated"":null,""scheduled"":""2023-05-27T19:52:00Z""}},{""station"":""Oshawa"",""code"":""OSHA"",""estimated"":""&mdash;"",""scheduled"":""2023-05-27T20:07:00Z"",""eta"":""&mdash;"",""arrival"":{""estimated"":null,""scheduled"":""2023-05-27T20:07:00Z""},""departure"":{""estimated"":null,""scheduled"":""2023-05-27T20:10:00Z""}},{""station"":""Cobourg"",""code"":""CBRG"",""estimated"":""&mdash;"",""scheduled"":""2023-05-27T20:41:00Z"",""eta"":""&mdash;"",""arrival"":{""estimated"":null,""scheduled"":""2023-05-27T20:41:00Z""},""departure"":{""estimated"":null,""scheduled"":""2023-05-27T20:43:00Z""}},{""station"":""Kingston"",""code"":""KGON"",""estimated"":""&mdash;"",""scheduled"":""2023-05-27T21:52:00Z"",""eta"":""&mdash;"",""arrival"":{""estimated"":null,""scheduled"":""2023-05-27T21:52:00Z""},""departure"":{""estimated"":null,""scheduled"":""2023-05-27T21:55:00Z""}},{""station"":""Brockville"",""code"":""BRKV"",""estimated"":""&mdash;"",""scheduled"":""2023-05-27T22:38:00Z"",""eta"":""&mdash;"",""arrival"":{""estimated"":null,""scheduled"":""2023-05-27T22:38:00Z""},""departure"":{""estimated"":null,""scheduled"":""2023-05-27T22:40:00Z""}},{""station"":""Fallowfield"",""code"":""FALL"",""estimated"":""&mdash;"",""scheduled"":""2023-05-27T23:50:00Z"",""eta"":""&mdash;"",""arrival"":{""estimated"":null,""scheduled"":""2023-05-27T23:50:00Z""},""departure"":{""estimated"":null,""scheduled"":""2023-05-27T23:52:00Z""}},{""station"":""Ottawa"",""code"":""OTTW"",""estimated"":""&mdash;"",""scheduled"":""2023-05-28T00:14:00Z"",""eta"":""&mdash;"",""arrival"":{""estimated"":null,""scheduled"":""2023-05-28T00:14:00Z""}}]"
"55",,,,,,false,false,"OTTAWA","TORONTO","2023-05-27",,"[{""station"":""Ottawa"",""code"":""OTTW"",""estimated"":""&mdash;"",""scheduled"":""2023-05-27T19:33:00Z"",""eta"":""&mdash;"",""departure"":{""estimated"":null,""scheduled"":""2023-05-27T19:33:00Z""}},{""station"":""Fallowfield"",""code"":""FALL"",""estimated"":""&mdash;"",""scheduled"":""2023-05-27T19:49:00Z"",""eta"":""&mdash;"",""arrival"":{""estimated"":null,""scheduled"":""2023-05-27T19:49:00Z""},""departure"":{""estimated"":null,""scheduled"":""2023-05-27T19:52:00Z""}},{""station"":""Brockville"",""code"":""BRKV"",""estimated"":""&mdash;"",""scheduled"":""2023-05-27T20:54:00Z"",""eta"":""&mdash;"",""arrival"":{""estimated"":null,""scheduled"":""2023-05-27T20:54:00Z""},""departure"":{""estimated"":null,""scheduled"":""2023-05-27T20:57:00Z""}},{""station"":""Kingston"",""code"":""KGON"",""estimated"":""&mdash;"",""scheduled"":""2023-05-27T21:37:00Z"",""eta"":""&mdash;"",""arrival"":{""estimated"":null,""scheduled"":""2023-05-27T21:37:00Z""},""departure"":{""estimated"":null,""scheduled"":""2023-05-27T21:41:00Z""}},{""station"":""Napanee"",""code"":""NAPN"",""estimated"":""&mdash;"",""scheduled"":""2023-05-27T22:03:00Z"",""eta"":""&mdash;"",""arrival"":{""estimated"":null,""scheduled"":""2023-05-27T22:03:00Z""},""departure"":{""estimated"":null,""scheduled"":""2023-05-27T22:04:00Z""}},{""station"":""Belleville"",""code"":""BLVL"",""estimated"":""&mdash;"",""scheduled"":""2023-05-27T22:21:00Z"",""eta"":""&mdash;"",""arrival"":{""estimated"":null,""scheduled"":""2023-05-27T22:21:00Z""},""departure"":{""estimated"":null,""scheduled"":""2023-05-27T22:22:00Z""}},{""station"":""Trenton Jct."",""code"":""TRNJ"",""estimated"":""&mdash;"",""scheduled"":""2023-05-27T22:32:00Z"",""eta"":""&mdash;"",""arrival"":{""estimated"":null,""scheduled"":""2023-05-27T22:32:00Z""},""departure"":{""estimated"":null,""scheduled"":""2023-05-27T22:33:00Z""}},{""station"":""Cobourg"",""code"":""CBRG"",""estimated"":""&mdash;"",""scheduled"":""2023-05-27T22:55:00Z"",""eta"":""&mdash;"",""arrival"":{""estimated"":null,""scheduled"":""2023-05-27T22:55:00Z""},""departure"":{""estimated"":null,""scheduled"":""2023-05-27T22:57:00Z""}},{""station"":""Port Hope"",""code"":""PHOP"",""estimated"":""&mdash;"",""scheduled"":""2023-05-27T23:04:00Z"",""eta"":""&mdash;"",""arrival"":{""estimated"":null,""scheduled"":""2023-05-27T23:04:00Z""},""departure"":{""estimated"":null,""scheduled"":""2023-05-27T23:05:00Z""}},{""station"":""Oshawa"",""code"":""OSHA"",""estimated"":""&mdash;"",""scheduled"":""2023-05-27T23:33:00Z"",""eta"":""&mdash;"",""arrival"":{""estimated"":null,""scheduled"":""2023-05-27T23:33:00Z""},""departure"":{""estimated"":null,""scheduled"":""2023-05-27T23:35:00Z""}},{""station"":""Toronto"",""code"":""TRTO"",""estimated"":""&mdash;"",""scheduled"":""2023-05-28T00:18:00Z"",""eta"":""&mdash;"",""arrival"":{""estimated"":null,""scheduled"":""2023-05-28T00:18:00Z""}}]"
"28",,,,,,false,false,"OTTAWA","QUÉBEC","2023-05-27",,"[{""station"":""Ottawa"",""code"":""OTTW"",""estimated"":""&mdash;"",""scheduled"":""2023-05-27T20:10:00Z"",""eta"":""&mdash;"",""departure"":{""estimated"":null,""scheduled"":""2023-05-27T20:10:00Z""}},{""station"":""Casselman"",""code"":""CSLM"",""estimated"":""&mdash;"",""scheduled"":""2023-05-27T20:36:00Z"",""eta"":""&mdash;"",""arrival"":{""estimated"":null,""scheduled"":""2023-05-27T20:36:00Z""},""departure"":{""estimated"":null,""scheduled"":""2023-05-27T20:37:01Z""}},{""station"":""Alexandria"",""code"":""ALEX"",""estimated"":""&mdash;"",""scheduled"":""2023-05-27T20:58:00Z"",""eta"":""&mdash;"",""arrival"":{""estimated"":null,""scheduled"":""2023-05-27T20:58:00Z""},""departure"":{""estimated"":null,""scheduled"":""2023-05-27T20:59:00Z""}},{""station"":""Coteau"",""code"":""COTO"",""estimated"":""&mdash;"",""scheduled"":""2023-05-27T21:18:01Z"",""eta"":""&mdash;"",""arrival"":{""estimated"":null,""scheduled"":""2023-05-27T21:18:01Z""},""departure"":{""estimated"":null,""scheduled"":""2023-05-27T21:19:00Z""}},{""station"":""Dorval"",""code"":""DORV"",""estimated"":""&mdash;"",""scheduled"":""2023-05-27T21:42:00Z"",""eta"":""&mdash;"",""arrival"":{""estimated"":null,""scheduled"":""2023-05-27T21:42:00Z""},""departure"":{""estimated"":null,""scheduled"":""2023-05-27T21:44:00Z""}},{""station"":""Montréal"",""code"":""MTRL"",""estimated"":""&mdash;"",""scheduled"":""2023-05-27T22:04:00Z"",""eta"":""&mdash;"",""arrival"":{""estimated"":null,""scheduled"":""2023-05-27T22:04:00Z""},""departure"":{""estimated"":""2023-05-27T22:25:00Z"",""scheduled"":""2023-05-27T22:25:00Z""}},{""station"":""St. Lambert"",""code"":""SLAM"",""estimated"":""2023-05-27T22:46:00Z"",""scheduled"":""2023-05-27T22:46:00Z"",""eta"":""10h06"",""arrival"":{""estimated"":""2023-05-27T22:46:00Z"",""scheduled"":""2023-05-27T22:46:00Z""},""departure"":{""estimated"":""2023-05-27T22:48:00Z"",""scheduled"":""2023-05-27T22:48:00Z""},""diff"":""goo"",""diffMin"":0},{""station"":""St. Hyacinthe"",""code"":""SHYA"",""estimated"":""2023-05-27T23:14:00Z"",""scheduled"":""2023-05-27T23:14:00Z"",""eta"":""10h34"",""arrival"":{""estimated"":""2023-05-27T23:14:00Z"",""scheduled"":""2023-05-27T23:14:00Z""},""departure"":{""estimated"":""2023-05-27T23:16:00Z"",""scheduled"":""2023-05-27T23:16:00Z""},""diff"":""goo"",""diffMin"":0},{""station"":""Drummondville"",""code"":""DRMV"",""estimated"":""2023-05-27T23:43:00Z"",""scheduled"":""2023-05-27T23:43:00Z"",""eta"":""11h03"",""arrival"":{""estimated"":""2023-05-27T23:43:00Z"",""scheduled"":""2023-05-27T23:43:00Z""},""departure"":{""estimated"":""2023-05-27T23:45:00Z"",""scheduled"":""2023-05-27T23:45:00Z""},""diff"":""goo"",""diffMin"":0},{""station"":""Charny"",""code"":""CHNY"",""estimated"":""2023-05-28T01:23:00Z"",""scheduled"":""2023-05-28T01:23:00Z"",""eta"":""12h43"",""arrival"":{""estimated"":""2023-05-28T01:23:00Z"",""scheduled"":""2023-05-28T01:23:00Z""},""departure"":{""estimated"":""2023-05-28T01:24:00Z"",""scheduled"":""2023-05-28T01:24:00Z""},""diff"":""goo"",""diffMin"":0},{""station"":""Ste-Foy"",""code"":""SFOY"",""estimated"":""2023-05-28T01:30:00Z"",""scheduled"":""2023-05-28T01:30:00Z"",""eta"":""12h50"",""arrival"":{""estimated"":""2023-05-28T01:30:00Z"",""scheduled"":""2023-05-28T01:30:00Z""},""departure"":{""estimated"":""2023-05-28T01:32:00Z"",""scheduled"":""2023-05-28T01:32:00Z""},""diff"":""goo"",""diffMin"":0},{""station"":""Québec"",""code"":""QBEC"",""estimated"":""2023-05-28T01:56:00Z"",""scheduled"":""2023-05-28T01:56:00Z"",""eta"":""13h16"",""arrival"":{""estimated"":""2023-05-28T01:56:00Z"",""scheduled"":""2023-05-28T01:56:00Z""},""diff"":""goo"",""diffMin"":0}]"
"69",,,,,,false,false,"MONTRÉAL","TORONTO","2023-05-27",,"[{""station"":""Montréal"",""code"":""MTRL"",""estimated"":""&mdash;"",""scheduled"":""2023-05-27T20:56:00Z"",""eta"":""&mdash;"",""departure"":{""estimated"":null,""scheduled"":""2023-05-27T20:56:00Z""}},{""station"":""Dorval"",""code"":""DORV"",""estimated"":""&mdash;"",""scheduled"":""2023-05-27T21:17:00Z"",""eta"":""&mdash;"",""arrival"":{""estimated"":null,""scheduled"":""2023-05-27T21:17:00Z""},""departure"":{""estimated"":null,""scheduled"":""2023-05-27T21:20:00Z""}},{""station"":""Cornwall"",""code"":""CWLL"",""estimated"":""&mdash;"",""scheduled"":""2023-05-27T22:10:00Z"",""eta"":""&mdash;"",""arrival"":{""estimated"":null,""scheduled"":""2023-05-27T22:10:00Z""},""departure"":{""estimated"":null,""scheduled"":""2023-05-27T22:11:00Z""}},{""station"":""Brockville"",""code"":""BRKV"",""estimated"":""&mdash;"",""scheduled"":""2023-05-27T22:53:00Z"",""eta"":""&mdash;"",""arrival"":{""estimated"":null,""scheduled"":""2023-05-27T22:53:00Z""},""departure"":{""estimated"":null,""scheduled"":""2023-05-27T22:54:00Z""}},{""station"":""Kingston"",""code"":""KGON"",""estimated"":""&mdash;"",""scheduled"":""2023-05-27T23:34:00Z"",""eta"":""&mdash;"",""arrival"":{""estimated"":null,""scheduled"":""2023-05-27T23:34:00Z""},""departure"":{""estimated"":null,""scheduled"":""2023-05-27T23:37:00Z""}},{""station"":""Oshawa"",""code"":""OSHA"",""estimated"":""&mdash;"",""scheduled"":""2023-05-28T01:19:00Z"",""eta"":""&mdash;"",""arrival"":{""estimated"":null,""scheduled"":""2023-05-28T01:19:00Z""},""departure"":{""estimated"":null,""scheduled"":""2023-05-28T01:21:00Z""}},{""station"":""Toronto"",""code"":""TRTO"",""estimated"":""&mdash;"",""scheduled"":""2023-05-28T02:03:00Z"",""eta"":""&mdash;"",""arrival"":{""estimated"":null,""scheduled"":""2023-05-28T02:03:00Z""}}]"
"68",,,,,,false,false,"TORONTO","MONTRÉAL","2023-05-27",,"[{""station"":""Toronto"",""code"":""TRTO"",""estimated"":""&mdash;"",""scheduled"":""2023-05-27T21:02:00Z"",""eta"":""&mdash;"",""departure"":{""estimated"":null,""scheduled"":""2023-05-27T21:02:00Z""}},{""station"":""Guildwood"",""code"":""GUIL"",""estimated"":""&mdash;"",""scheduled"":""2023-05-27T21:20:00Z"",""eta"":""&mdash;"",""arrival"":{""estimated"":null,""scheduled"":""2023-05-27T21:20:00Z""},""departure"":{""estimated"":null,""scheduled"":""2023-05-27T21:22:00Z""}},{""station"":""Oshawa"",""code"":""OSHA"",""estimated"":""&mdash;"",""scheduled"":""2023-05-27T21:38:00Z"",""eta"":""&mdash;"",""arrival"":{""estimated"":null,""scheduled"":""2023-05-27T21:38:00Z""},""departure"":{""estimated"":null,""scheduled"":""2023-05-27T21:40:00Z""}},{""station"":""Cobourg"",""code"":""CBRG"",""estimated"":""&mdash;"",""scheduled"":""2023-05-27T22:10:00Z"",""eta"":""&mdash;"",""arrival"":{""estimated"":null,""scheduled"":""2023-05-27T22:10:00Z""},""departure"":{""estimated"":null,""scheduled"":""2023-05-27T22:11:00Z""}},{""station"":""Belleville"",""code"":""BLVL"",""estimated"":""&mdash;"",""scheduled"":""2023-05-27T22:47:00Z"",""eta"":""&mdash;"",""arrival"":{""estimated"":null,""scheduled"":""2023-05-27T22:47:00Z""},""departure"":{""estimated"":null,""scheduled"":""2023-05-27T22:49:00Z""}},{""station"":""Kingston"",""code"":""KGON"",""estimated"":""&mdash;"",""scheduled"":""2023-05-27T23:25:00Z"",""eta"":""&mdash;"",""arrival"":{""estimated"":null,""scheduled"":""2023-05-27T23:25:00Z""},""departure"":{""estimated"":null,""scheduled"":""2023-05-27T23:27:00Z""}},{""station"":""Brockville"",""code"":""BRKV"",""estimated"":""&mdash;"",""scheduled"":""2023-05-28T00:12:00Z"",""eta"":""&mdash;"",""arrival"":{""estimated"":null,""scheduled"":""2023-05-28T00:12:00Z""},""departure"":{""estimated"":null,""scheduled"":""2023-05-28T00:13:00Z""}},{""station"":""Cornwall"",""code"":""CWLL"",""estimated"":""&mdash;"",""scheduled"":""2023-05-28T01:02:00Z"",""eta"":""&mdash;"",""arrival"":{""estimated"":null,""scheduled"":""2023-05-28T01:02:00Z""},""departure"":{""estimated"":null,""scheduled"":""2023-05-28T01:04:00Z""}},{""station"":""Dorval"",""code"":""DORV"",""estimated"":""&mdash;"",""scheduled"":""2023-05-28T01:51:00Z"",""eta"":""&mdash;"",""arrival"":{""estimated"":null,""scheduled"":""2023-05-28T01:51:00Z""},""departure"":{""estimated"":null,""scheduled"":""2023-05-28T01:53:00Z""}},{""station"":""Montréal"",""code"":""MTRL"",""estimated"":""&mdash;"",""scheduled"":""2023-05-28T02:13:00Z"",""eta"":""&mdash;"",""arrival"":{""estimated"":null,""scheduled"":""2023-05-28T02:13:00Z""}}]"
"75",,,,,,false,false,"TORONTO","WINDSOR","2023-05-27",,"[{""station"":""Toronto"",""code"":""TRTO"",""estimated"":""&mdash;"",""scheduled"":""2023-05-27T21:30:00Z"",""eta"":""&mdash;"",""departure"":{""estimated"":null,""scheduled"":""2023-05-27T21:30:00Z""}},{""station"":""Oakville"",""code"":""OAKV"",""estimated"":""&mdash;"",""scheduled"":""2023-05-27T21:53:00Z"",""eta"":""&mdash;"",""arrival"":{""estimated"":null,""scheduled"":""2023-05-27T21:53:00Z""},""departure"":{""estimated"":null,""scheduled"":""2023-05-27T21:56:00Z""}},{""station"":""Aldershot"",""code"":""ALDR"",""estimated"":""&mdash;"",""scheduled"":""2023-05-27T22:09:00Z"",""eta"":""&mdash;"",""arrival"":{""estimated"":null,""scheduled"":""2023-05-27T22:09:00Z""},""departure"":{""estimated"":null,""scheduled"":""2023-05-27T22:12:00Z""}},{""station"":""Brantford"",""code"":""BRTF"",""estimated"":""&mdash;"",""scheduled"":""2023-05-27T22:41:00Z"",""eta"":""&mdash;"",""arrival"":{""estimated"":null,""scheduled"":""2023-05-27T22:41:00Z""},""departure"":{""estimated"":null,""scheduled"":""2023-05-27T22:44:00Z""}},{""station"":""Woodstock"",""code"":""WDST"",""estimated"":""&mdash;"",""scheduled"":""2023-05-27T23:12:00Z"",""eta"":""&mdash;"",""arrival"":{""estimated"":null,""scheduled"":""2023-05-27T23:12:00Z""},""departure"":{""estimated"":null,""scheduled"":""2023-05-27T23:14:00Z""}},{""station"":""Ingersoll"",""code"":""INGR"",""estimated"":""&mdash;"",""scheduled"":""2023-05-27T23:27:00Z"",""eta"":""&mdash;"",""arrival"":{""estimated"":null,""scheduled"":""2023-05-27T23:27:00Z""},""departure"":{""estimated"":null,""scheduled"":""2023-05-27T23:28:00Z""}},{""station"":""London"",""code"":""LNDN"",""estimated"":""&mdash;"",""scheduled"":""2023-05-27T23:55:00Z"",""eta"":""&mdash;"",""arrival"":{""estimated"":null,""scheduled"":""2023-05-27T23:55:00Z""},""departure"":{""estimated"":null,""scheduled"":""2023-05-28T00:01:00Z""}},{""station"":""Glencoe"",""code"":""GLNC"",""estimated"":""&mdash;"",""scheduled"":""2023-05-28T00:29:00Z"",""eta"":""&mdash;"",""arrival"":{""estimated"":null,""scheduled"":""2023-05-28T00:29:00Z""},""departure"":{""estimated"":null,""scheduled"":""2023-05-28T00:30:00Z""}},{""station"":""Chatham"",""code"":""CHAT"",""estimated"":""&mdash;"",""scheduled"":""2023-05-28T01:03:00Z"",""eta"":""&mdash;"",""arrival"":{""estimated"":null,""scheduled"":""2023-05-28T01:03:00Z""},""departure"":{""estimated"":null,""scheduled"":""2023-05-28T01:06:00Z""}},{""station"":""Windsor"",""code"":""WDON"",""estimated"":""&mdash;"",""scheduled"":""2023-05-28T01:58:00Z"",""eta"":""&mdash;"",""arrival"":{""estimated"":null,""scheduled"":""2023-05-28T01:58:00Z""}}]"
"54",,,,,,false,false,"TORONTO","OTTAWA","2023-05-27",,"[{""station"":""Toronto"",""code"":""TRTO"",""estimated"":""&mdash;"",""scheduled"":""2023-05-27T21:32:00Z"",""eta"":""&mdash;"",""departure"":{""estimated"":null,""scheduled"":""2023-05-27T21:32:00Z""}},{""station"":""Guildwood"",""code"":""GUIL"",""estimated"":""&mdash;"",""scheduled"":""2023-05-27T21:50:00Z"",""eta"":""&mdash;"",""arrival"":{""estimated"":null,""scheduled"":""2023-05-27T21:50:00Z""},""departure"":{""estimated"":null,""scheduled"":""2023-05-27T21:52:00Z""}},{""station"":""Oshawa"",""code"":""OSHA"",""estimated"":""&mdash;"",""scheduled"":""2023-05-27T22:07:00Z"",""eta"":""&mdash;"",""arrival"":{""estimated"":null,""scheduled"":""2023-05-27T22:07:00Z""},""departure"":{""estimated"":null,""scheduled"":""2023-05-27T22:08:00Z""}},{""station"":""Port Hope"",""code"":""PHOP"",""estimated"":""&mdash;"",""scheduled"":""2023-05-27T22:33:00Z"",""eta"":""&mdash;"",""arrival"":{""estimated"":null,""scheduled"":""2023-05-27T22:33:00Z""},""departure"":{""estimated"":null,""scheduled"":""2023-05-27T22:34:00Z""}},{""station"":""Cobourg"",""code"":""CBRG"",""estimated"":""&mdash;"",""scheduled"":""2023-05-27T22:41:00Z"",""eta"":""&mdash;"",""arrival"":{""estimated"":null,""scheduled"":""2023-05-27T22:41:00Z""},""departure"":{""estimated"":null,""scheduled"":""2023-05-27T22:42:00Z""}},{""station"":""Trenton Jct."",""code"":""TRNJ"",""estimated"":""&mdash;"",""scheduled"":""2023-05-27T23:07:01Z"",""eta"":""&mdash;"",""arrival"":{""estimated"":null,""scheduled"":""2023-05-27T23:07:01Z""},""departure"":{""estimated"":null,""scheduled"":""2023-05-27T23:09:00Z""}},{""station"":""Belleville"",""code"":""BLVL"",""estimated"":""&mdash;"",""scheduled"":""2023-05-27T23:23:00Z"",""eta"":""&mdash;"",""arrival"":{""estimated"":null,""scheduled"":""2023-05-27T23:23:00Z""},""departure"":{""estimated"":null,""scheduled"":""2023-05-27T23:24:00Z""}},{""station"":""Napanee"",""code"":""NAPN"",""estimated"":""&mdash;"",""scheduled"":""2023-05-27T23:42:00Z"",""eta"":""&mdash;"",""arrival"":{""estimated"":null,""scheduled"":""2023-05-27T23:42:00Z""},""departure"":{""estimated"":null,""scheduled"":""2023-05-27T23:44:00Z""}},{""station"":""Kingston"",""code"":""KGON"",""estimated"":""&mdash;"",""scheduled"":""2023-05-28T00:03:00Z"",""eta"":""&mdash;"",""arrival"":{""estimated"":null,""scheduled"":""2023-05-28T00:03:00Z""},""departure"":{""estimated"":null,""scheduled"":""2023-05-28T00:06:00Z""}},{""station"":""Brockville"",""code"":""BRKV"",""estimated"":""&mdash;"",""scheduled"":""2023-05-28T00:50:00Z"",""eta"":""&mdash;"",""arrival"":{""estimated"":null,""scheduled"":""2023-05-28T00:50:00Z""},""departure"":{""estimated"":null,""scheduled"":""2023-05-28T00:52:00Z""}},{""station"":""Smiths Falls"",""code"":""SMTF"",""estimated"":""&mdash;"",""scheduled"":""2023-05-28T01:25:02Z"",""eta"":""&mdash;"",""arrival"":{""estimated"":null,""scheduled"":""2023-05-28T01:25:02Z""},""departure"":{""estimated"":null,""scheduled"":""2023-05-28T01:26:00Z""}},{""station"":""Fallowfield"",""code"":""FALL"",""estimated"":""&mdash;"",""scheduled"":""2023-05-28T01:50:00Z"",""eta"":""&mdash;"",""arrival"":{""estimated"":null,""scheduled"":""2023-05-28T01:50:00Z""},""departure"":{""estimated"":null,""scheduled"":""2023-05-28T01:53:00Z""}},{""station"":""Ottawa"",""code"":""OTTW"",""estimated"":""&mdash;"",""scheduled"":""2023-05-28T02:11:00Z"",""eta"":""&mdash;"",""arrival"":{""estimated"":null,""scheduled"":""2023-05-28T02:11:00Z""}}]"
"87",,,,,,false,false,"TORONTO","SARNIA","2023-05-27",,"[{""station"":""Toronto"",""code"":""TRTO"",""estimated"":""&mdash;"",""scheduled"":""2023-05-27T21:40:00Z"",""eta"":""&mdash;"",""departure"":{""estimated"":null,""scheduled"":""2023-05-27T21:40:00Z""}},{""station"":""Malton"",""code"":""MALT"",""estimated"":""&mdash;"",""scheduled"":""2023-05-27T22:00:00Z"",""eta"":""&mdash;"",""arrival"":{""estimated"":null,""scheduled"":""2023-05-27T22:00:00Z""},""departure"":{""estimated"":null,""scheduled"":""2023-05-27T22:01:00Z""}},{""station"":""Brampton"",""code"":""BRMP"",""estimated"":""&mdash;"",""scheduled"":""2023-05-27T22:12:00Z"",""eta"":""&mdash;"",""arrival"":{""estimated"":null,""scheduled"":""2023-05-27T22:12:00Z""},""departure"":{""estimated"":null,""scheduled"":""2023-05-27T22:14:00Z""}},{""station"":""Georgetown"",""code"":""GEOR"",""estimated"":""&mdash;"",""scheduled"":""2023-05-27T22:24:00Z"",""eta"":""&mdash;"",""arrival"":{""estimated"":null,""scheduled"":""2023-05-27T22:24:00Z""},""departure"":{""estimated"":null,""scheduled"":""2023-05-27T22:26:00Z""}},{""station"":""Guelph"",""code"":""GUEL"",""estimated"":""&mdash;"",""scheduled"":""2023-05-27T22:49:00Z"",""eta"":""&mdash;"",""arrival"":{""estimated"":null,""scheduled"":""2023-05-27T22:49:00Z""},""departure"":{""estimated"":null,""scheduled"":""2023-05-27T22:51:00Z""}},{""station"":""Kitchener"",""code"":""KITC"",""estimated"":""&mdash;"",""scheduled"":""2023-05-27T23:16:00Z"",""eta"":""&mdash;"",""arrival"":{""estimated"":null,""scheduled"":""2023-05-27T23:16:00Z""},""departure"":{""estimated"":null,""scheduled"":""2023-05-27T23:18:00Z""}},{""station"":""Stratford"",""code"":""STRF"",""estimated"":""&mdash;"",""scheduled"":""2023-05-27T23:53:00Z"",""eta"":""&mdash;"",""arrival"":{""estimated"":null,""scheduled"":""2023-05-27T23:53:00Z""},""departure"":{""estimated"":null,""scheduled"":""2023-05-27T23:55:00Z""}},{""station"":""St.Marys"",""code"":""SMYS"",""estimated"":""&mdash;"",""scheduled"":""2023-05-28T00:21:00Z"",""eta"":""&mdash;"",""arrival"":{""estimated"":null,""scheduled"":""2023-05-28T00:21:00Z""},""departure"":{""estimated"":null,""scheduled"":""2023-05-28T00:23:00Z""}},{""station"":""London"",""code"":""LNDN"",""estimated"":""&mdash;"",""scheduled"":""2023-05-28T01:09:00Z"",""eta"":""&mdash;"",""arrival"":{""estimated"":null,""scheduled"":""2023-05-28T01:09:00Z""},""departure"":{""estimated"":null,""scheduled"":""2023-05-28T01:14:00Z""}},{""station"":""Strathroy"",""code"":""STRR"",""estimated"":""&mdash;"",""scheduled"":""2023-05-28T01:35:00Z"",""eta"":""&mdash;"",""arrival"":{""estimated"":null,""scheduled"":""2023-05-28T01:35:00Z""},""departure"":{""estimated"":null,""scheduled"":""2023-05-28T01:37:00Z""}},{""station"":""Wyoming"",""code"":""WYOM"",""estimated"":""&mdash;"",""scheduled"":""2023-05-28T02:03:00Z"",""eta"":""&mdash;"",""arrival"":{""estimated"":null,""scheduled"":""2023-05-28T02:03:00Z""},""departure"":{""estimated"":null,""scheduled"":""2023-05-28T02:05:00Z""}},{""station"":""Sarnia"",""code"":""SARN"",""estimated"":""&mdash;"",""scheduled"":""2023-05-28T02:20:00Z"",""eta"":""&mdash;"",""arrival"":{""estimated"":null,""scheduled"":""2023-05-28T02:20:00Z""}}]"
"78",,,,,,false,false,"WINDSOR","TORONTO","2023-05-27",,"[{""station"":""Windsor"",""code"":""WDON"",""estimated"":""&mdash;"",""scheduled"":""2023-05-27T21:41:00Z"",""eta"":""&mdash;"",""departure"":{""estimated"":null,""scheduled"":""2023-05-27T21:41:00Z""}},{""station"":""Chatham"",""code"":""CHAT"",""estimated"":""&mdash;"",""scheduled"":""2023-05-27T22:25:00Z"",""eta"":""&mdash;"",""arrival"":{""estimated"":null,""scheduled"":""2023-05-27T22:25:00Z""},""departure"":{""estimated"":null,""scheduled"":""2023-05-27T22:28:00Z""}},{""station"":""Glencoe"",""code"":""GLNC"",""estimated"":""&mdash;"",""scheduled"":""2023-05-27T22:59:00Z"",""eta"":""&mdash;"",""arrival"":{""estimated"":null,""scheduled"":""2023-05-27T22:59:00Z""},""departure"":{""estimated"":null,""scheduled"":""2023-05-27T23:00:00Z""}},{""station"":""London"",""code"":""LNDN"",""estimated"":""&mdash;"",""scheduled"":""2023-05-27T23:32:00Z"",""eta"":""&mdash;"",""arrival"":{""estimated"":null,""scheduled"":""2023-05-27T23:32:00Z""},""departure"":{""estimated"":null,""scheduled"":""2023-05-27T23:38:00Z""}},{""station"":""Ingersoll"",""code"":""INGR"",""estimated"":""&mdash;"",""scheduled"":""2023-05-27T23:57:00Z"",""eta"":""&mdash;"",""arrival"":{""estimated"":null,""scheduled"":""2023-05-27T23:57:00Z""},""departure"":{""estimated"":null,""scheduled"":""2023-05-27T23:58:00Z""}},{""station"":""Woodstock"",""code"":""WDST"",""estimated"":""&mdash;"",""scheduled"":""2023-05-28T00:08:00Z"",""eta"":""&mdash;"",""arrival"":{""estimated"":null,""scheduled"":""2023-05-28T00:08:00Z""},""departure"":{""estimated"":null,""scheduled"":""2023-05-28T00:10:00Z""}},{""station"":""Brantford"",""code"":""BRTF"",""estimated"":""&mdash;"",""scheduled"":""2023-05-28T00:39:00Z"",""eta"":""&mdash;"",""arrival"":{""estimated"":null,""scheduled"":""2023-05-28T00:39:00Z""},""departure"":{""estimated"":null,""scheduled"":""2023-05-28T00:41:00Z""}},{""station"":""Aldershot"",""code"":""ALDR"",""estimated"":""&mdash;"",""scheduled"":""2023-05-28T01:09:00Z"",""eta"":""&mdash;"",""arrival"":{""estimated"":null,""scheduled"":""2023-05-28T01:09:00Z""},""departure"":{""estimated"":null,""scheduled"":""2023-05-28T01:11:00Z""}},{""station"":""Oakville"",""code"":""OAKV"",""estimated"":""&mdash;"",""scheduled"":""2023-05-28T01:24:00Z"",""eta"":""&mdash;"",""arrival"":{""estimated"":null,""scheduled"":""2023-05-28T01:24:00Z""},""departure"":{""estimated"":null,""scheduled"":""2023-05-28T01:26:00Z""}},{""station"":""Toronto"",""code"":""TRTO"",""estimated"":""&mdash;"",""scheduled"":""2023-05-28T01:50:00Z"",""eta"":""&mdash;"",""arrival"":{""estimated"":null,""scheduled"":""2023-05-28T01:50:00Z""}}]"
"29",,,,,,false,false,"QUÉBEC","MONTRÉAL","2023-05-27",,"[{""station"":""Québec"",""code"":""QBEC"",""estimated"":""&mdash;"",""scheduled"":""2023-05-27T21:45:00Z"",""eta"":""&mdash;"",""departure"":{""estimated"":null,""scheduled"":""2023-05-27T21:45:00Z""}},{""station"":""Ste-Foy"",""code"":""SFOY"",""estimated"":""&mdash;"",""scheduled"":""2023-05-27T22:09:00Z"",""eta"":""&mdash;"",""arrival"":{""estimated"":null,""scheduled"":""2023-05-27T22:09:00Z""},""departure"":{""estimated"":null,""scheduled"":""2023-05-27T22:11:00Z""}},{""station"":""Drummondville"",""code"":""DRMV"",""estimated"":""&mdash;"",""scheduled"":""2023-05-27T23:41:00Z"",""eta"":""&mdash;"",""arrival"":{""estimated"":null,""scheduled"":""2023-05-27T23:41:00Z""},""departure"":{""estimated"":null,""scheduled"":""2023-05-27T23:43:00Z""}},{""station"":""St. Hyacinthe"",""code"":""SHYA"",""estimated"":""&mdash;"",""scheduled"":""2023-05-28T00:19:02Z"",""eta"":""&mdash;"",""arrival"":{""estimated"":null,""scheduled"":""2023-05-28T00:19:02Z""},""departure"":{""estimated"":null,""scheduled"":""2023-05-28T00:21:00Z""}},{""station"":""St. Lambert"",""code"":""SLAM"",""estimated"":""&mdash;"",""scheduled"":""2023-05-28T00:47:00Z"",""eta"":""&mdash;"",""arrival"":{""estimated"":null,""scheduled"":""2023-05-28T00:47:00Z""},""departure"":{""estimated"":null,""scheduled"":""2023-05-28T00:49:00Z""}},{""station"":""Montréal"",""code"":""MTRL"",""estimated"":""&mdash;"",""scheduled"":""2023-05-28T01:00:00Z"",""eta"":""&mdash;"",""arrival"":{""estimated"":null,""scheduled"":""2023-05-28T01:00:00Z""}}]"
"59",,,,,,false,false,"OTTAWA","TORONTO","2023-05-27",,"[{""station"":""Ottawa"",""code"":""OTTW"",""estimated"":""&mdash;"",""scheduled"":""2023-05-27T21:49:00Z"",""eta"":""&mdash;"",""departure"":{""estimated"":null,""scheduled"":""2023-05-27T21:49:00Z""}},{""station"":""Fallowfield"",""code"":""FALL"",""estimated"":""&mdash;"",""scheduled"":""2023-05-27T22:06:00Z"",""eta"":""&mdash;"",""arrival"":{""estimated"":null,""scheduled"":""2023-05-27T22:06:00Z""},""departure"":{""estimated"":null,""scheduled"":""2023-05-27T22:11:00Z""}},{""station"":""Smiths Falls"",""code"":""SMTF"",""estimated"":""&mdash;"",""scheduled"":""2023-05-27T22:48:00Z"",""eta"":""&mdash;"",""arrival"":{""estimated"":null,""scheduled"":""2023-05-27T22:48:00Z""},""departure"":{""estimated"":null,""scheduled"":""2023-05-27T22:50:00Z""}},{""station"":""Brockville"",""code"":""BRKV"",""estimated"":""&mdash;"",""scheduled"":""2023-05-27T23:16:00Z"",""eta"":""&mdash;"",""arrival"":{""estimated"":null,""scheduled"":""2023-05-27T23:16:00Z""},""departure"":{""estimated"":null,""scheduled"":""2023-05-27T23:19:00Z""}},{""station"":""Kingston"",""code"":""KGON"",""estimated"":""&mdash;"",""scheduled"":""2023-05-27T23:59:00Z"",""eta"":""&mdash;"",""arrival"":{""estimated"":null,""scheduled"":""2023-05-27T23:59:00Z""},""departure"":{""estimated"":null,""scheduled"":""2023-05-28T00:02:00Z""}},{""station"":""Belleville"",""code"":""BLVL"",""estimated"":""&mdash;"",""scheduled"":""2023-05-28T00:41:00Z"",""eta"":""&mdash;"",""arrival"":{""estimated"":null,""scheduled"":""2023-05-28T00:41:00Z""},""departure"":{""estimated"":null,""scheduled"":""2023-05-28T00:42:00Z""}},{""station"":""Trenton Jct."",""code"":""TRNJ"",""estimated"":""&mdash;"",""scheduled"":""2023-05-28T00:51:00Z"",""eta"":""&mdash;"",""arrival"":{""estimated"":null,""scheduled"":""2023-05-28T00:51:00Z""},""departure"":{""estimated"":null,""scheduled"":""2023-05-28T00:52:00Z""}},{""station"":""Cobourg"",""code"":""CBRG"",""estimated"":""&mdash;"",""scheduled"":""2023-05-28T01:19:00Z"",""eta"":""&mdash;"",""arrival"":{""estimated"":null,""scheduled"":""2023-05-28T01:19:00Z""},""departure"":{""estimated"":null,""scheduled"":""2023-05-28T01:20:00Z""}},{""station"":""Oshawa"",""code"":""OSHA"",""estimated"":""&mdash;"",""scheduled"":""2023-05-28T01:52:00Z"",""eta"":""&mdash;"",""arrival"":{""estimated"":null,""scheduled"":""2023-05-28T01:52:00Z""},""departure"":{""estimated"":null,""scheduled"":""2023-05-28T01:54:00Z""}},{""station"":""Guildwood"",""code"":""GUIL"",""estimated"":""&mdash;"",""scheduled"":""2023-05-28T02:13:00Z"",""eta"":""&mdash;"",""arrival"":{""estimated"":null,""scheduled"":""2023-05-28T02:13:00Z""},""departure"":{""estimated"":null,""scheduled"":""2023-05-28T02:15:00Z""}},{""station"":""Toronto"",""code"":""TRTO"",""estimated"":""&mdash;"",""scheduled"":""2023-05-28T02:33:00Z"",""eta"":""&mdash;"",""arrival"":{""estimated"":null,""scheduled"":""2023-05-28T02:33:00Z""}}]"
"698",,,,,,false,false,"NIAGARA FALLS","TORONTO","2023-05-27",,"[{""station"":""Niagara Falls"",""code"":""NIAG"",""estimated"":""&mdash;"",""scheduled"":""2023-05-27T22:20:00Z"",""eta"":""&mdash;"",""departure"":{""estimated"":null,""scheduled"":""2023-05-27T22:20:00Z""}},{""station"":""St. Catharines"",""code"":""SCAT"",""estimated"":""&mdash;"",""scheduled"":""2023-05-27T22:41:00Z"",""eta"":""&mdash;"",""arrival"":{""estimated"":null,""scheduled"":""2023-05-27T22:41:00Z""},""departure"":{""estimated"":null,""scheduled"":""2023-05-27T22:43:00Z""}},{""station"":""Grimsby"",""code"":""GRIM"",""estimated"":""&mdash;"",""scheduled"":""2023-05-27T23:01:00Z"",""eta"":""&mdash;"",""arrival"":{""estimated"":null,""scheduled"":""2023-05-27T23:01:00Z""},""departure"":{""estimated"":null,""scheduled"":""2023-05-27T23:02:00Z""}},{""station"":""Aldershot"",""code"":""ALDR"",""estimated"":""&mdash;"",""scheduled"":""2023-05-27T23:37:00Z"",""eta"":""&mdash;"",""arrival"":{""estimated"":null,""scheduled"":""2023-05-27T23:37:00Z""},""departure"":{""estimated"":null,""scheduled"":""2023-05-27T23:39:00Z""}},{""station"":""Oakville"",""code"":""OAKV"",""estimated"":""&mdash;"",""scheduled"":""2023-05-27T23:52:00Z"",""eta"":""&mdash;"",""arrival"":{""estimated"":null,""scheduled"":""2023-05-27T23:52:00Z""},""departure"":{""estimated"":null,""scheduled"":""2023-05-27T23:54:00Z""}},{""station"":""Toronto"",""code"":""TRTO"",""estimated"":""&mdash;"",""scheduled"":""2023-05-28T00:18:00Z"",""eta"":""&mdash;"",""arrival"":{""estimated"":null,""scheduled"":""2023-05-28T00:18:00Z""}}]"
"38",,,,,,false,false,"OTTAWA","MONTRÉAL","2023-05-27",,"[{""station"":""Ottawa"",""code"":""OTTW"",""estimated"":""&mdash;"",""scheduled"":""2023-05-27T22:55:00Z"",""eta"":""&mdash;"",""departure"":{""estimated"":null,""scheduled"":""2023-05-27T22:55:00Z""}},{""station"":""Casselman"",""code"":""CSLM"",""estimated"":""&mdash;"",""scheduled"":""2023-05-27T23:21:00Z"",""eta"":""&mdash;"",""arrival"":{""estimated"":null,""scheduled"":""2023-05-27T23:21:00Z""},""departure"":{""estimated"":null,""scheduled"":""2023-05-27T23:22:00Z""}},{""station"":""Alexandria"",""code"":""ALEX"",""estimated"":""&mdash;"",""scheduled"":""2023-05-27T23:44:00Z"",""eta"":""&mdash;"",""arrival"":{""estimated"":null,""scheduled"":""2023-05-27T23:44:00Z""},""departure"":{""estimated"":null,""scheduled"":""2023-05-27T23:46:00Z""}},{""station"":""Dorval"",""code"":""DORV"",""estimated"":""&mdash;"",""scheduled"":""2023-05-28T00:35:00Z"",""eta"":""&mdash;"",""arrival"":{""estimated"":null,""scheduled"":""2023-05-28T00:35:00Z""},""departure"":{""estimated"":null,""scheduled"":""2023-05-28T00:37:00Z""}},{""station"":""Montréal"",""code"":""MTRL"",""estimated"":""&mdash;"",""scheduled"":""2023-05-28T00:57:00Z"",""eta"":""&mdash;"",""arrival"":{""estimated"":null,""scheduled"":""2023-05-28T00:57:00Z""}}]"
"79",,,,,,false,false,"TORONTO","WINDSOR","2023-05-27",,"[{""station"":""Toronto"",""code"":""TRTO"",""estimated"":""&mdash;"",""scheduled"":""2023-05-27T23:45:00Z"",""eta"":""&mdash;"",""departure"":{""estimated"":null,""scheduled"":""2023-05-27T23:45:00Z""}},{""station"":""Oakville"",""code"":""OAKV"",""estimated"":""&mdash;"",""scheduled"":""2023-05-28T00:07:00Z"",""eta"":""&mdash;"",""arrival"":{""estimated"":null,""scheduled"":""2023-05-28T00:07:00Z""},""departure"":{""estimated"":null,""scheduled"":""2023-05-28T00:09:00Z""}},{""station"":""Aldershot"",""code"":""ALDR"",""estimated"":""&mdash;"",""scheduled"":""2023-05-28T00:22:00Z"",""eta"":""&mdash;"",""arrival"":{""estimated"":null,""scheduled"":""2023-05-28T00:22:00Z""},""departure"":{""estimated"":null,""scheduled"":""2023-05-28T00:23:00Z""}},{""station"":""Brantford"",""code"":""BRTF"",""estimated"":""&mdash;"",""scheduled"":""2023-05-28T00:50:00Z"",""eta"":""&mdash;"",""arrival"":{""estimated"":null,""scheduled"":""2023-05-28T00:50:00Z""},""departure"":{""estimated"":null,""scheduled"":""2023-05-28T00:51:00Z""}},{""station"":""Woodstock"",""code"":""WDST"",""estimated"":""&mdash;"",""scheduled"":""2023-05-28T01:17:00Z"",""eta"":""&mdash;"",""arrival"":{""estimated"":null,""scheduled"":""2023-05-28T01:17:00Z""},""departure"":{""estimated"":null,""scheduled"":""2023-05-28T01:18:00Z""}},{""station"":""Ingersoll"",""code"":""INGR"",""estimated"":""&mdash;"",""scheduled"":""2023-05-28T01:30:00Z"",""eta"":""&mdash;"",""arrival"":{""estimated"":null,""scheduled"":""2023-05-28T01:30:00Z""},""departure"":{""estimated"":null,""scheduled"":""2023-05-28T01:31:00Z""}},{""station"":""London"",""code"":""LNDN"",""estimated"":""&mdash;"",""scheduled"":""2023-05-28T01:52:00Z"",""eta"":""&mdash;"",""arrival"":{""estimated"":null,""scheduled"":""2023-05-28T01:52:00Z""},""departure"":{""estimated"":null,""scheduled"":""2023-05-28T01:57:00Z""}},{""station"":""Glencoe"",""code"":""GLNC"",""estimated"":""&mdash;"",""scheduled"":""2023-05-28T02:25:00Z"",""eta"":""&mdash;"",""arrival"":{""estimated"":null,""scheduled"":""2023-05-28T02:25:00Z""},""departure"":{""estimated"":null,""scheduled"":""2023-05-28T02:26:00Z""}}]"