"train","lat","lng","speed","direction","poll","departed","arrived","from","to","instance","pollMin","times"
"1 (06-02)",49.7647,-121.4391,50,160.4,"2024-06-06T08:32:43Z",true,false,"TORONTO","VANCOUVER","2024-06-02",1,"[{""station"":""Toronto"",""code"":""TRTO"",""estimated"":""2024-06-02T13:55:00Z"",""scheduled"":""2024-06-02T13:55:00Z"",""eta"":""ARR"",""departure"":{""estimated"":""2024-06-02T13:55:00Z"",""scheduled"":""2024-06-02T13:55:00Z""},""diff"":""goo"",""diffMin"":0},{""station"":""Washago"",""code"":""WSHG"",""estimated"":""2024-06-02T16:44:34Z"",""scheduled"":""2024-06-02T16:25:00Z"",""eta"":""ARR"",""arrival"":{""estimated"":""2024-06-02T16:44:34Z"",""scheduled"":""2024-06-02T16:25:00Z""},""departure"":{""estimated"":""2024-06-02T16:44:34Z"",""scheduled"":""2024-06-02T16:25:02Z""},""diff"":""bad"",""diffMin"":19},{""station"":""South Parry"",""code"":""SPAR"",""estimated"":""2024-06-02T18:21:56Z"",""scheduled"":""2024-06-02T18:27:00Z"",""eta"":""ARR"",""arrival"":{""estimated"":""2024-06-02T18:21:56Z"",""scheduled"":""2024-06-02T18:27:00Z""},""departure"":{""estimated"":""2024-06-02T18:28:21Z"",""scheduled"":""2024-06-02T18:27:02Z""},""diff"":""goo"",""diffMin"":-5},{""station"":""Sudbury (Jct.)"",""code"":""SUDJ"",""estimated"":""2024-06-02T20:43:51Z"",""scheduled"":""2024-06-02T20:57:00Z"",""eta"":""ARR"",""arrival"":{""estimated"":""2024-06-02T20:43:51Z"",""scheduled"":""2024-06-02T20:57:00Z""},""departure"":{""estimated"":""2024-06-02T20:57:51Z"",""scheduled"":""2024-06-02T20:57:02Z""},""diff"":""goo"",""diffMin"":-13},{""station"":""Capreol"",""code"":""CAPR"",""estimated"":""2024-06-02T21:20:10Z"",""scheduled"":""2024-06-02T21:22:00Z"",""eta"":""ARR"",""arrival"":{""estimated"":""2024-06-02T21:20:10Z"",""scheduled"":""2024-06-02T21:22:00Z""},""departure"":{""estimated"":""2024-06-02T21:52:41Z"",""scheduled"":""2024-06-02T21:52:00Z""},""diff"":""goo"",""diffMin"":-1},{""station"":""Laforest"",""code"":""LAFO"",""estimated"":""2024-06-02T22:41:43Z"",""scheduled"":""2024-06-02T22:48:00Z"",""eta"":""ARR"",""arrival"":{""estimated"":""2024-06-02T22:41:43Z"",""scheduled"":""2024-06-02T22:48:00Z""},""departure"":{""estimated"":""2024-06-02T22:48:02Z"",""scheduled"":""2024-06-02T22:48:02Z""},""diff"":""goo"",""diffMin"":-6},{""station"":""McKee's Camp"",""code"":""MCKC"",""estimated"":""2024-06-02T23:07:31Z"",""scheduled"":""2024-06-02T23:01:00Z"",""eta"":""ARR"",""arrival"":{""estimated"":""2024-06-02T23:07:31Z"",""scheduled"":""2024-06-02T23:01:00Z""},""departure"":{""estimated"":""2024-06-02T23:07:31Z"",""scheduled"":""2024-06-02T23:01:02Z""},""diff"":""med"",""diffMin"":6},{""station"":""Felix"",""code"":""FELX"",""estimated"":""2024-06-02T23:40:25Z"",""scheduled"":""2024-06-02T23:21:00Z"",""eta"":""ARR"",""arrival"":{""estimated"":""2024-06-02T23:40:25Z"",""scheduled"":""2024-06-02T23:21:00Z""},""departure"":{""estimated"":""2024-06-02T23:40:25Z"",""scheduled"":""2024-06-02T23:21:02Z""},""diff"":""bad"",""diffMin"":19},{""station"":""Ruel"",""code"":""RUEL"",""estimated"":""2024-06-02T23:45:30Z"",""scheduled"":""2024-06-02T23:28:00Z"",""eta"":""ARR"",""arrival"":{""estimated"":""2024-06-02T23:45:30Z"",""scheduled"":""2024-06-02T23:28:00Z""},""departure"":{""estimated"":""2024-06-02T23:45:30Z"",""scheduled"":""2024-06-02T23:28:02Z""},""diff"":""bad"",""diffMin"":17},{""station"":""Westree"",""code"":""WSTR"",""estimated"":""2024-06-02T23:58:13Z"",""scheduled"":""2024-06-02T23:45:00Z"",""eta"":""ARR"",""arrival"":{""estimated"":""2024-06-02T23:58:13Z"",""scheduled"":""2024-06-02T23:45:00Z""},""departure"":{""estimated"":""2024-06-02T23:58:13Z"",""scheduled"":""2024-06-02T23:45:02Z""},""diff"":""med"",""diffMin"":13},{""station"":""Gogama"",""code"":""GOGA"",""estimated"":""2024-06-03T00:24:50Z"",""scheduled"":""2024-06-03T00:18:00Z"",""eta"":""ARR"",""arrival"":{""estimated"":""2024-06-03T00:24:50Z"",""scheduled"":""2024-06-03T00:18:00Z""},""departure"":{""estimated"":""2024-06-03T00:24:50Z"",""scheduled"":""2024-06-03T00:18:02Z""},""diff"":""med"",""diffMin"":6},{""station"":""Foleyet"",""code"":""FOLE"",""estimated"":""2024-06-03T02:34:16Z"",""scheduled"":""2024-06-03T02:44:00Z"",""eta"":""ARR"",""arrival"":{""estimated"":""2024-06-03T02:34:16Z"",""scheduled"":""2024-06-03T02:44:00Z""},""departure"":{""estimated"":""2024-06-03T02:35:35Z"",""scheduled"":""2024-06-03T02:44:02Z""},""diff"":""goo"",""diffMin"":-9},{""station"":""Elsas"",""code"":""ELSA"",""estimated"":""2024-06-03T03:36:40Z"",""scheduled"":""2024-06-03T03:38:00Z"",""eta"":""ARR"",""arrival"":{""estimated"":""2024-06-03T03:36:40Z"",""scheduled"":""2024-06-03T03:38:00Z""},""departure"":{""estimated"":""2024-06-03T03:38:02Z"",""scheduled"":""2024-06-03T03:38:02Z""},""diff"":""goo"",""diffMin"":-1},{""station"":""Oba"",""code"":""OBAX"",""estimated"":""2024-06-03T05:15:57Z"",""scheduled"":""2024-06-03T05:38:00Z"",""eta"":""ARR"",""arrival"":{""estimated"":""2024-06-03T05:15:57Z"",""scheduled"":""2024-06-03T05:38:00Z""},""departure"":{""estimated"":""2024-06-03T05:11:31Z"",""scheduled"":""2024-06-03T05:38:02Z""},""diff"":""goo"",""diffMin"":-22},{""station"":""Hornepayne"",""code"":""HNPN"",""estimated"":""2024-06-03T05:59:11Z"",""scheduled"":""2024-06-03T06:29:00Z"",""eta"":""ARR"",""arrival"":{""estimated"":""2024-06-03T05:59:11Z"",""scheduled"":""2024-06-03T06:29:00Z""},""departure"":{""estimated"":""2024-06-03T07:09:34Z"",""scheduled"":""2024-06-03T07:09:00Z""},""diff"":""goo"",""diffMin"":-29},{""station"":""Hillsport"",""code"":""HLSP"",""estimated"":""2024-06-03T08:18:04Z"",""scheduled"":""2024-06-03T08:05:00Z"",""eta"":""ARR"",""arrival"":{""estimated"":""2024-06-03T08:18:04Z"",""scheduled"":""2024-06-03T08:05:00Z""},""departure"":{""estimated"":""2024-06-03T08:18:04Z"",""scheduled"":""2024-06-03T08:05:02Z""},""diff"":""med"",""diffMin"":13},{""station"":""Caramat"",""code"":""CARA"",""estimated"":""2024-06-03T09:31:41Z"",""scheduled"":""2024-06-03T08:55:00Z"",""eta"":""ARR"",""arrival"":{""estimated"":""2024-06-03T09:31:41Z"",""scheduled"":""2024-06-03T08:55:00Z""},""departure"":{""estimated"":""2024-06-03T09:31:41Z"",""scheduled"":""2024-06-03T08:55:02Z""},""diff"":""bad"",""diffMin"":36},{""station"":""Longlac"",""code"":""LLAC"",""estimated"":""2024-06-03T09:54:20Z"",""scheduled"":""2024-06-03T09:34:00Z"",""eta"":""ARR"",""arrival"":{""estimated"":""2024-06-03T09:54:20Z"",""scheduled"":""2024-06-03T09:34:00Z""},""departure"":{""estimated"":""2024-06-03T09:54:20Z"",""scheduled"":""2024-06-03T09:34:02Z""},""diff"":""bad"",""diffMin"":20},{""station"":""Nakina"",""code"":""NAKI"",""estimated"":""2024-06-03T10:34:01Z"",""scheduled"":""2024-06-03T10:13:00Z"",""eta"":""ARR"",""arrival"":{""estimated"":""2024-06-03T10:34:01Z"",""scheduled"":""2024-06-03T10:13:00Z""},""departure"":{""estimated"":""2024-06-03T10:34:01Z"",""scheduled"":""2024-06-03T10:13:02Z""},""diff"":""bad"",""diffMin"":21},{""station"":""Auden"",""code"":""AUDN"",""estimated"":""2024-06-03T12:11:43Z"",""scheduled"":""2024-06-03T11:19:00Z"",""eta"":""ARR"",""arrival"":{""estimated"":""2024-06-03T12:11:43Z"",""scheduled"":""2024-06-03T11:19:00Z""},""departure"":{""estimated"":""2024-06-03T12:11:43Z"",""scheduled"":""2024-06-03T11:19:02Z""},""diff"":""bad"",""diffMin"":52},{""station"":""Ferland"",""code"":""FERL"",""estimated"":""2024-06-03T12:44:41Z"",""scheduled"":""2024-06-03T11:56:00Z"",""eta"":""ARR"",""arrival"":{""estimated"":""2024-06-03T12:44:41Z"",""scheduled"":""2024-06-03T11:56:00Z""},""departure"":{""estimated"":""2024-06-03T12:44:41Z"",""scheduled"":""2024-06-03T11:56:02Z""},""diff"":""bad"",""diffMin"":48},{""station"":""Mud River"",""code"":""MUDR"",""estimated"":""2024-06-03T12:53:41Z"",""scheduled"":""2024-06-03T12:05:00Z"",""eta"":""ARR"",""arrival"":{""estimated"":""2024-06-03T12:53:41Z"",""scheduled"":""2024-06-03T12:05:00Z""},""departure"":{""estimated"":""2024-06-03T12:53:41Z"",""scheduled"":""2024-06-03T12:05:02Z""},""diff"":""bad"",""diffMin"":48},{""station"":""Armstrong"",""code"":""ARMG"",""estimated"":""2024-06-03T13:37:19Z"",""scheduled"":""2024-06-03T13:17:00Z"",""eta"":""ARR"",""arrival"":{""estimated"":""2024-06-03T13:37:19Z"",""scheduled"":""2024-06-03T13:17:00Z""},""departure"":{""estimated"":""2024-06-03T13:37:19Z"",""scheduled"":""2024-06-03T13:17:02Z""},""diff"":""bad"",""diffMin"":20},{""station"":""Collins"",""code"":""COLL"",""estimated"":""2024-06-03T14:26:17Z"",""scheduled"":""2024-06-03T13:47:00Z"",""eta"":""ARR"",""arrival"":{""estimated"":""2024-06-03T14:26:17Z"",""scheduled"":""2024-06-03T13:47:00Z""},""departure"":{""estimated"":""2024-06-03T14:26:17Z"",""scheduled"":""2024-06-03T13:47:02Z""},""diff"":""bad"",""diffMin"":39},{""station"":""Allanwater Bridge"",""code"":""ALWB"",""estimated"":""2024-06-03T15:46:05Z"",""scheduled"":""2024-06-03T14:26:00Z"",""eta"":""ARR"",""arrival"":{""estimated"":""2024-06-03T15:46:05Z"",""scheduled"":""2024-06-03T14:26:00Z""},""departure"":{""estimated"":""2024-06-03T15:46:05Z"",""scheduled"":""2024-06-03T14:26:02Z""},""diff"":""bad"",""diffMin"":80},{""station"":""Flindt Landing"",""code"":""FLTL"",""estimated"":""2024-06-03T15:59:13Z"",""scheduled"":""2024-06-03T14:42:00Z"",""eta"":""ARR"",""arrival"":{""estimated"":""2024-06-03T15:59:13Z"",""scheduled"":""2024-06-03T14:42:00Z""},""departure"":{""estimated"":""2024-06-03T15:59:13Z"",""scheduled"":""2024-06-03T14:42:02Z""},""diff"":""bad"",""diffMin"":77},{""station"":""Savant Lake"",""code"":""SAVL"",""estimated"":""2024-06-03T16:11:44Z"",""scheduled"":""2024-06-03T14:59:00Z"",""eta"":""ARR"",""arrival"":{""estimated"":""2024-06-03T16:11:44Z"",""scheduled"":""2024-06-03T14:59:00Z""},""departure"":{""estimated"":""2024-06-03T16:11:44Z"",""scheduled"":""2024-06-03T14:59:02Z""},""diff"":""bad"",""diffMin"":72},{""station"":""Sioux Lookout"",""code"":""SLKT"",""estimated"":""2024-06-03T17:32:38Z"",""scheduled"":""2024-06-03T16:25:00Z"",""eta"":""ARR"",""arrival"":{""estimated"":""2024-06-03T17:32:38Z"",""scheduled"":""2024-06-03T16:25:00Z""},""departure"":{""estimated"":""2024-06-03T17:32:38Z"",""scheduled"":""2024-06-03T16:55:00Z""},""diff"":""bad"",""diffMin"":67},{""station"":""Richan"",""code"":""RCHN"",""estimated"":""2024-06-03T19:17:10Z"",""scheduled"":""2024-06-03T18:05:00Z"",""eta"":""ARR"",""arrival"":{""estimated"":""2024-06-03T19:17:10Z"",""scheduled"":""2024-06-03T18:05:00Z""},""departure"":{""estimated"":""2024-06-03T19:17:10Z"",""scheduled"":""2024-06-03T18:05:02Z""},""diff"":""bad"",""diffMin"":72},{""station"":""Red Lake Road"",""code"":""RLRX"",""estimated"":""2024-06-03T20:05:46Z"",""scheduled"":""2024-06-03T18:41:00Z"",""eta"":""ARR"",""arrival"":{""estimated"":""2024-06-03T20:05:46Z"",""scheduled"":""2024-06-03T18:41:00Z""},""departure"":{""estimated"":""2024-06-03T20:05:46Z"",""scheduled"":""2024-06-03T18:41:02Z""},""diff"":""bad"",""diffMin"":84},{""station"":""Canyon"",""code"":""CNYK"",""estimated"":""2024-06-03T20:36:41Z"",""scheduled"":""2024-06-03T19:10:00Z"",""eta"":""ARR"",""arrival"":{""estimated"":""2024-06-03T20:36:41Z"",""scheduled"":""2024-06-03T19:10:00Z""},""departure"":{""estimated"":""2024-06-03T20:36:41Z"",""scheduled"":""2024-06-03T19:10:02Z""},""diff"":""bad"",""diffMin"":86},{""station"":""Farlane"",""code"":""FARL"",""estimated"":""2024-06-03T21:09:58Z"",""scheduled"":""2024-06-03T19:47:00Z"",""eta"":""ARR"",""arrival"":{""estimated"":""2024-06-03T21:09:58Z"",""scheduled"":""2024-06-03T19:47:00Z""},""departure"":{""estimated"":""2024-06-03T21:09:58Z"",""scheduled"":""2024-06-03T19:47:02Z""},""diff"":""bad"",""diffMin"":82},{""station"":""Redditt"",""code"":""RDDT"",""estimated"":""2024-06-03T21:56:07Z"",""scheduled"":""2024-06-03T20:23:00Z"",""eta"":""ARR"",""arrival"":{""estimated"":""2024-06-03T21:56:07Z"",""scheduled"":""2024-06-03T20:23:00Z""},""departure"":{""estimated"":""2024-06-03T21:56:07Z"",""scheduled"":""2024-06-03T20:23:02Z""},""diff"":""bad"",""diffMin"":93},{""station"":""Minaki"",""code"":""MNKI"",""estimated"":""2024-06-03T22:27:21Z"",""scheduled"":""2024-06-03T20:44:00Z"",""eta"":""ARR"",""arrival"":{""estimated"":""2024-06-03T22:27:21Z"",""scheduled"":""2024-06-03T20:44:00Z""},""departure"":{""estimated"":""2024-06-03T22:27:21Z"",""scheduled"":""2024-06-03T20:44:02Z""},""diff"":""bad"",""diffMin"":103},{""station"":""Ottermere"",""code"":""OTTM"",""estimated"":""2024-06-03T22:53:48Z"",""scheduled"":""2024-06-03T21:01:00Z"",""eta"":""ARR"",""arrival"":{""estimated"":""2024-06-03T22:53:48Z"",""scheduled"":""2024-06-03T21:01:00Z""},""departure"":{""estimated"":""2024-06-03T22:53:48Z"",""scheduled"":""2024-06-03T21:01:02Z""},""diff"":""bad"",""diffMin"":112},{""station"":""Malachi"",""code"":""MLCH"",""estimated"":""2024-06-03T23:12:30Z"",""scheduled"":""2024-06-03T21:07:00Z"",""eta"":""ARR"",""arrival"":{""estimated"":""2024-06-03T23:12:30Z"",""scheduled"":""2024-06-03T21:07:00Z""},""departure"":{""estimated"":""2024-06-03T23:12:30Z"",""scheduled"":""2024-06-03T21:07:02Z""},""diff"":""bad"",""diffMin"":125},{""station"":""Copelands Landing"",""code"":""COPE"",""estimated"":""2024-06-03T23:14:30Z"",""scheduled"":""2024-06-03T21:09:00Z"",""eta"":""ARR"",""arrival"":{""estimated"":""2024-06-03T23:14:30Z"",""scheduled"":""2024-06-03T21:09:00Z""},""departure"":{""estimated"":""2024-06-03T23:14:30Z"",""scheduled"":""2024-06-03T21:09:02Z""},""diff"":""bad"",""diffMin"":125},{""station"":""Rice Lake"",""code"":""RCLK"",""estimated"":""2024-06-03T23:21:42Z"",""scheduled"":""2024-06-03T21:12:00Z"",""eta"":""ARR"",""arrival"":{""estimated"":""2024-06-03T23:21:42Z"",""scheduled"":""2024-06-03T21:12:00Z""},""departure"":{""estimated"":""2024-06-03T23:21:42Z"",""scheduled"":""2024-06-03T21:12:02Z""},""diff"":""bad"",""diffMin"":129},{""station"":""Winnitoba"",""code"":""WNTB"",""estimated"":""2024-06-03T23:28:54Z"",""scheduled"":""2024-06-03T21:26:00Z"",""eta"":""ARR"",""arrival"":{""estimated"":""2024-06-03T23:28:54Z"",""scheduled"":""2024-06-03T21:26:00Z""},""departure"":{""estimated"":""2024-06-03T23:28:54Z"",""scheduled"":""2024-06-03T21:26:02Z""},""diff"":""bad"",""diffMin"":122},{""station"":""Ophir"",""code"":""OPHR"",""estimated"":""2024-06-03T23:29:21Z"",""scheduled"":""2024-06-03T21:31:00Z"",""eta"":""ARR"",""arrival"":{""estimated"":""2024-06-03T23:29:21Z"",""scheduled"":""2024-06-03T21:31:00Z""},""departure"":{""estimated"":""2024-06-03T23:29:21Z"",""scheduled"":""2024-06-03T21:31:02Z""},""diff"":""bad"",""diffMin"":118},{""station"":""Brereton Lake"",""code"":""BRTL"",""estimated"":""2024-06-03T23:41:50Z"",""scheduled"":""2024-06-03T21:49:00Z"",""eta"":""ARR"",""arrival"":{""estimated"":""2024-06-03T23:41:50Z"",""scheduled"":""2024-06-03T21:49:00Z""},""departure"":{""estimated"":""2024-06-03T23:41:50Z"",""scheduled"":""2024-06-03T21:49:02Z""},""diff"":""bad"",""diffMin"":112},{""station"":""Elma"",""code"":""ELMA"",""estimated"":""2024-06-03T23:58:04Z"",""scheduled"":""2024-06-03T22:10:00Z"",""eta"":""ARR"",""arrival"":{""estimated"":""2024-06-03T23:58:04Z"",""scheduled"":""2024-06-03T22:10:00Z""},""departure"":{""estimated"":""2024-06-03T23:58:04Z"",""scheduled"":""2024-06-03T22:10:02Z""},""diff"":""bad"",""diffMin"":108},{""station"":""Winnipeg"",""code"":""WNPG"",""estimated"":""2024-06-04T01:16:57Z"",""scheduled"":""2024-06-04T00:30:00Z"",""eta"":""ARR"",""arrival"":{""estimated"":""2024-06-04T01:16:57Z"",""scheduled"":""2024-06-04T00:30:00Z""},""departure"":{""estimated"":""2024-06-04T01:16:57Z"",""scheduled"":""2024-06-04T02:30:00Z""},""diff"":""bad"",""diffMin"":46},{""station"":""Portage La Prairie"",""code"":""PLPX"",""estimated"":""2024-06-04T04:47:55Z"",""scheduled"":""2024-06-04T04:04:00Z"",""eta"":""ARR"",""arrival"":{""estimated"":""2024-06-04T04:47:55Z"",""scheduled"":""2024-06-04T04:04:00Z""},""departure"":{""estimated"":""2024-06-04T04:47:55Z"",""scheduled"":""2024-06-04T04:04:02Z""},""diff"":""bad"",""diffMin"":43},{""station"":""Rivers"",""code"":""RVRS"",""estimated"":""2024-06-04T06:25:19Z"",""scheduled"":""2024-06-04T06:31:00Z"",""eta"":""ARR"",""arrival"":{""estimated"":""2024-06-04T06:25:19Z"",""scheduled"":""2024-06-04T06:31:00Z""},""departure"":{""estimated"":""2024-06-04T06:42:38Z"",""scheduled"":""2024-06-04T06:31:02Z""},""diff"":""goo"",""diffMin"":-5},{""station"":""Melville"",""code"":""MELV"",""estimated"":""2024-06-04T09:55:29Z"",""scheduled"":""2024-06-04T10:54:00Z"",""eta"":""ARR"",""arrival"":{""estimated"":""2024-06-04T09:55:29Z"",""scheduled"":""2024-06-04T10:54:00Z""},""departure"":{""estimated"":""2024-06-04T11:04:22Z"",""scheduled"":""2024-06-04T11:04:00Z""},""diff"":""goo"",""diffMin"":-58},{""station"":""Watrous"",""code"":""WATR"",""estimated"":""2024-06-04T13:45:38Z"",""scheduled"":""2024-06-04T13:54:00Z"",""eta"":""ARR"",""arrival"":{""estimated"":""2024-06-04T13:45:38Z"",""scheduled"":""2024-06-04T13:54:00Z""},""departure"":{""estimated"":""2024-06-04T13:45:32Z"",""scheduled"":""2024-06-04T13:54:02Z""},""diff"":""goo"",""diffMin"":-8},{""station"":""Saskatoon"",""code"":""SASK"",""estimated"":""2024-06-04T15:38:03Z"",""scheduled"":""2024-06-04T15:50:00Z"",""eta"":""ARR"",""arrival"":{""estimated"":""2024-06-04T15:38:03Z"",""scheduled"":""2024-06-04T15:50:00Z""},""departure"":{""estimated"":""2024-06-04T17:20:33Z"",""scheduled"":""2024-06-04T16:50:00Z""},""diff"":""goo"",""diffMin"":-11},{""station"":""Biggar"",""code"":""BIGG"",""estimated"":""2024-06-04T18:57:59Z"",""scheduled"":""2024-06-04T18:29:00Z"",""eta"":""ARR"",""arrival"":{""estimated"":""2024-06-04T18:57:59Z"",""scheduled"":""2024-06-04T18:29:00Z""},""departure"":{""estimated"":""2024-06-04T18:57:59Z"",""scheduled"":""2024-06-04T18:39:00Z""},""diff"":""bad"",""diffMin"":28},{""station"":""Unity"",""code"":""UNIT"",""estimated"":""2024-06-04T20:09:34Z"",""scheduled"":""2024-06-04T19:44:00Z"",""eta"":""ARR"",""arrival"":{""estimated"":""2024-06-04T20:09:34Z"",""scheduled"":""2024-06-04T19:44:00Z""},""departure"":{""estimated"":""2024-06-04T20:09:34Z"",""scheduled"":""2024-06-04T19:44:02Z""},""diff"":""bad"",""diffMin"":25},{""station"":""Wainwright"",""code"":""WAIN"",""estimated"":""2024-06-04T23:11:49Z"",""scheduled"":""2024-06-04T22:33:00Z"",""eta"":""ARR"",""arrival"":{""estimated"":""2024-06-04T23:11:49Z"",""scheduled"":""2024-06-04T22:33:00Z""},""departure"":{""estimated"":""2024-06-04T23:11:49Z"",""scheduled"":""2024-06-04T22:33:02Z""},""diff"":""bad"",""diffMin"":38},{""station"":""Viking"",""code"":""VKNG"",""estimated"":""2024-06-05T00:57:04Z"",""scheduled"":""2024-06-04T23:26:00Z"",""eta"":""ARR"",""arrival"":{""estimated"":""2024-06-05T00:57:04Z"",""scheduled"":""2024-06-04T23:26:00Z""},""departure"":{""estimated"":""2024-06-05T00:57:04Z"",""scheduled"":""2024-06-04T23:26:02Z""},""diff"":""bad"",""diffMin"":91},{""station"":""Edmonton"",""code"":""EDMO"",""estimated"":""2024-06-05T04:48:01Z"",""scheduled"":""2024-06-05T02:50:00Z"",""eta"":""ARR"",""arrival"":{""estimated"":""2024-06-05T04:48:01Z"",""scheduled"":""2024-06-05T02:50:00Z""},""departure"":{""estimated"":""2024-06-05T04:48:01Z"",""scheduled"":""2024-06-05T06:01:00Z""},""diff"":""bad"",""diffMin"":118},{""station"":""Evansburg"",""code"":""EVAN"",""estimated"":""2024-06-05T08:32:15Z"",""scheduled"":""2024-06-05T07:29:00Z"",""eta"":""ARR"",""arrival"":{""estimated"":""2024-06-05T08:32:15Z"",""scheduled"":""2024-06-05T07:29:00Z""},""departure"":{""estimated"":""2024-06-05T08:32:15Z"",""scheduled"":""2024-06-05T07:29:02Z""},""diff"":""bad"",""diffMin"":63},{""station"":""Edson"",""code"":""EDSN"",""estimated"":""2024-06-05T09:47:56Z"",""scheduled"":""2024-06-05T08:52:00Z"",""eta"":""ARR"",""arrival"":{""estimated"":""2024-06-05T09:47:56Z"",""scheduled"":""2024-06-05T08:52:00Z""},""departure"":{""estimated"":""2024-06-05T09:47:56Z"",""scheduled"":""2024-06-05T08:52:02Z""},""diff"":""bad"",""diffMin"":55},{""station"":""Hinton"",""code"":""HINT"",""estimated"":""2024-06-05T13:06:25Z"",""scheduled"":""2024-06-05T09:58:00Z"",""eta"":""ARR"",""arrival"":{""estimated"":""2024-06-05T13:06:25Z"",""scheduled"":""2024-06-05T09:58:00Z""},""departure"":{""estimated"":""2024-06-05T13:06:25Z"",""scheduled"":""2024-06-05T09:58:02Z""},""diff"":""bad"",""diffMin"":188},{""station"":""Jasper"",""code"":""JASP"",""estimated"":""2024-06-05T15:24:43Z"",""scheduled"":""2024-06-05T12:30:00Z"",""eta"":""ARR"",""arrival"":{""estimated"":""2024-06-05T15:24:43Z"",""scheduled"":""2024-06-05T12:30:00Z""},""departure"":{""estimated"":""2024-06-05T15:24:43Z"",""scheduled"":""2024-06-05T15:30:00Z""},""diff"":""bad"",""diffMin"":174},{""station"":""Valemount"",""code"":""VLMT"",""estimated"":""2024-06-05T20:17:14Z"",""scheduled"":""2024-06-05T17:50:00Z"",""eta"":""ARR"",""arrival"":{""estimated"":""2024-06-05T20:17:14Z"",""scheduled"":""2024-06-05T17:50:00Z""},""departure"":{""estimated"":""2024-06-05T20:17:14Z"",""scheduled"":""2024-06-05T17:50:02Z""},""diff"":""bad"",""diffMin"":147},{""station"":""Blue River"",""code"":""BLUE"",""estimated"":""2024-06-05T22:42:26Z"",""scheduled"":""2024-06-05T20:36:00Z"",""eta"":""ARR"",""arrival"":{""estimated"":""2024-06-05T22:42:26Z"",""scheduled"":""2024-06-05T20:36:00Z""},""departure"":{""estimated"":""2024-06-05T22:42:26Z"",""scheduled"":""2024-06-05T20:36:02Z""},""diff"":""bad"",""diffMin"":126},{""station"":""Clearwater"",""code"":""CLWT"",""estimated"":""2024-06-06T01:01:06Z"",""scheduled"":""2024-06-05T22:45:00Z"",""eta"":""ARR"",""arrival"":{""estimated"":""2024-06-06T01:01:06Z"",""scheduled"":""2024-06-05T22:45:00Z""},""departure"":{""estimated"":""2024-06-06T01:01:06Z"",""scheduled"":""2024-06-05T22:45:02Z""},""diff"":""bad"",""diffMin"":136},{""station"":""Kamloops North"",""code"":""KAMN"",""estimated"":""2024-06-06T02:58:17Z"",""scheduled"":""2024-06-06T01:28:00Z"",""eta"":""ARR"",""arrival"":{""estimated"":""2024-06-06T02:58:17Z"",""scheduled"":""2024-06-06T01:28:00Z""},""departure"":{""estimated"":""2024-06-06T02:58:17Z"",""scheduled"":""2024-06-06T02:03:02Z""},""diff"":""bad"",""diffMin"":90},{""station"":""Ashcroft"",""code"":""ASHN"",""estimated"":""2024-06-06T05:50:26Z"",""scheduled"":""2024-06-06T03:49:00Z"",""eta"":""ARR"",""arrival"":{""estimated"":""2024-06-06T05:50:26Z"",""scheduled"":""2024-06-06T03:49:00Z""},""departure"":{""estimated"":""2024-06-06T05:50:26Z"",""scheduled"":""2024-06-06T03:49:02Z""},""diff"":""bad"",""diffMin"":121},{""station"":""Boston Bar"",""code"":""BBAR"",""estimated"":""2024-06-06T08:16:21Z"",""scheduled"":""2024-06-06T06:36:00Z"",""eta"":""ARR"",""arrival"":{""estimated"":""2024-06-06T08:16:21Z"",""scheduled"":""2024-06-06T06:36:00Z""},""departure"":{""estimated"":""2024-06-06T08:16:21Z"",""scheduled"":""2024-06-06T06:36:02Z""},""diff"":""bad"",""diffMin"":100},{""station"":""Hope"",""code"":""HOPE"",""estimated"":""2024-06-06T09:40:45Z"",""scheduled"":""2024-06-06T08:06:00Z"",""eta"":""1h06"",""arrival"":{""estimated"":""2024-06-06T09:40:45Z"",""scheduled"":""2024-06-06T08:06:00Z""},""departure"":{""estimated"":""2024-06-06T09:40:45Z"",""scheduled"":""2024-06-06T08:06:02Z""},""diff"":""bad"",""diffMin"":94},{""station"":""Chilliwack"",""code"":""CHIL"",""estimated"":""2024-06-06T10:04:45Z"",""scheduled"":""2024-06-06T08:30:00Z"",""eta"":""1h30"",""arrival"":{""estimated"":""2024-06-06T10:04:45Z"",""scheduled"":""2024-06-06T08:30:00Z""},""departure"":{""estimated"":""2024-06-06T10:04:45Z"",""scheduled"":""2024-06-06T08:30:02Z""},""diff"":""bad"",""diffMin"":94},{""station"":""Abbotsford"",""code"":""ABBO"",""estimated"":""&mdash;"",""scheduled"":""2024-06-06T09:00:00Z"",""eta"":""&mdash;"",""arrival"":{""scheduled"":""2024-06-06T09:00:00Z""},""departure"":{""scheduled"":""2024-06-06T09:00:02Z""}},{""station"":""Vancouver"",""code"":""VCVR"",""estimated"":""&mdash;"",""scheduled"":""2024-06-06T15:00:00Z"",""eta"":""&mdash;"",""arrival"":{""scheduled"":""2024-06-06T15:00:00Z""}}]"
"2 (06-03)",49.9068,-97.787,98,108.16,"2024-06-06T08:32:44Z",true,false,"VANCOUVER","TORONTO","2024-06-03",1,"[{""station"":""Vancouver"",""code"":""VCVR"",""estimated"":""2024-06-03T22:00:00Z"",""scheduled"":""2024-06-03T22:00:00Z"",""eta"":""ARR"",""departure"":{""estimated"":""2024-06-03T22:00:00Z"",""scheduled"":""2024-06-03T22:00:00Z""},""diff"":""goo"",""diffMin"":0},{""station"":""Mission Harbour"",""code"":""MSNH"",""estimated"":""2024-06-04T00:02:04Z"",""scheduled"":""2024-06-03T23:35:00Z"",""eta"":""ARR"",""arrival"":{""estimated"":""2024-06-04T00:02:04Z"",""scheduled"":""2024-06-03T23:35:00Z""},""departure"":{""estimated"":""2024-06-04T00:02:04Z"",""scheduled"":""2024-06-03T23:35:02Z""},""diff"":""bad"",""diffMin"":27},{""station"":""Agassiz"",""code"":""AGAS"",""estimated"":""2024-06-04T00:44:23Z"",""scheduled"":""2024-06-04T00:03:00Z"",""eta"":""ARR"",""arrival"":{""estimated"":""2024-06-04T00:44:23Z"",""scheduled"":""2024-06-04T00:03:00Z""},""departure"":{""estimated"":""2024-06-04T00:44:23Z"",""scheduled"":""2024-06-04T00:03:02Z""},""diff"":""bad"",""diffMin"":41},{""station"":""Katz"",""code"":""KATZ"",""estimated"":""2024-06-04T01:07:08Z"",""scheduled"":""2024-06-04T00:17:00Z"",""eta"":""ARR"",""arrival"":{""estimated"":""2024-06-04T01:07:08Z"",""scheduled"":""2024-06-04T00:17:00Z""},""departure"":{""estimated"":""2024-06-04T01:07:08Z"",""scheduled"":""2024-06-04T00:17:02Z""},""diff"":""bad"",""diffMin"":50},{""station"":""North Bend"",""code"":""NBND"",""estimated"":""2024-06-04T03:01:39Z"",""scheduled"":""2024-06-04T02:46:00Z"",""eta"":""ARR"",""arrival"":{""estimated"":""2024-06-04T03:01:39Z"",""scheduled"":""2024-06-04T02:46:00Z""},""departure"":{""estimated"":""2024-06-04T03:01:39Z"",""scheduled"":""2024-06-04T02:46:02Z""},""diff"":""bad"",""diffMin"":15},{""station"":""Ashcroft"",""code"":""ASHN"",""estimated"":""2024-06-04T06:08:50Z"",""scheduled"":""2024-06-04T05:32:00Z"",""eta"":""ARR"",""arrival"":{""estimated"":""2024-06-04T06:08:50Z"",""scheduled"":""2024-06-04T05:32:00Z""},""departure"":{""estimated"":""2024-06-04T06:08:50Z"",""scheduled"":""2024-06-04T05:32:02Z""},""diff"":""bad"",""diffMin"":36},{""station"":""Kamloops North"",""code"":""KAMN"",""estimated"":""2024-06-04T07:48:08Z"",""scheduled"":""2024-06-04T07:17:00Z"",""eta"":""ARR"",""arrival"":{""estimated"":""2024-06-04T07:48:08Z"",""scheduled"":""2024-06-04T07:17:00Z""},""departure"":{""estimated"":""2024-06-04T07:48:08Z"",""scheduled"":""2024-06-04T07:52:00Z""},""diff"":""bad"",""diffMin"":31},{""station"":""Clearwater"",""code"":""CLWT"",""estimated"":""2024-06-04T10:28:49Z"",""scheduled"":""2024-06-04T09:58:00Z"",""eta"":""ARR"",""arrival"":{""estimated"":""2024-06-04T10:28:49Z"",""scheduled"":""2024-06-04T09:58:00Z""},""departure"":{""estimated"":""2024-06-04T10:28:49Z"",""scheduled"":""2024-06-04T09:58:02Z""},""diff"":""bad"",""diffMin"":30},{""station"":""Blue River"",""code"":""BLUE"",""estimated"":""2024-06-04T13:09:07Z"",""scheduled"":""2024-06-04T12:11:00Z"",""eta"":""ARR"",""arrival"":{""estimated"":""2024-06-04T13:09:07Z"",""scheduled"":""2024-06-04T12:11:00Z""},""departure"":{""estimated"":""2024-06-04T13:09:07Z"",""scheduled"":""2024-06-04T12:11:02Z""},""diff"":""bad"",""diffMin"":58},{""station"":""Valemount"",""code"":""VLMT"",""estimated"":""2024-06-04T15:57:42Z"",""scheduled"":""2024-06-04T14:01:00Z"",""eta"":""ARR"",""arrival"":{""estimated"":""2024-06-04T15:57:42Z"",""scheduled"":""2024-06-04T14:01:00Z""},""departure"":{""estimated"":""2024-06-04T15:57:42Z"",""scheduled"":""2024-06-04T14:01:02Z""},""diff"":""bad"",""diffMin"":116},{""station"":""Jasper"",""code"":""JASP"",""estimated"":""2024-06-04T18:31:39Z"",""scheduled"":""2024-06-04T17:00:00Z"",""eta"":""ARR"",""arrival"":{""estimated"":""2024-06-04T18:31:39Z"",""scheduled"":""2024-06-04T17:00:00Z""},""departure"":{""estimated"":""2024-06-04T18:31:39Z"",""scheduled"":""2024-06-04T18:30:00Z""},""diff"":""bad"",""diffMin"":91},{""station"":""Hinton"",""code"":""HINT"",""estimated"":""2024-06-04T22:51:37Z"",""scheduled"":""2024-06-04T19:45:00Z"",""eta"":""ARR"",""arrival"":{""estimated"":""2024-06-04T22:51:37Z"",""scheduled"":""2024-06-04T19:45:00Z""},""departure"":{""estimated"":""2024-06-04T22:51:37Z"",""scheduled"":""2024-06-04T19:45:02Z""},""diff"":""bad"",""diffMin"":186},{""station"":""Edson"",""code"":""EDSN"",""estimated"":""2024-06-05T01:59:03Z"",""scheduled"":""2024-06-04T21:19:00Z"",""eta"":""ARR"",""arrival"":{""estimated"":""2024-06-05T01:59:03Z"",""scheduled"":""2024-06-04T21:19:00Z""},""departure"":{""estimated"":""2024-06-05T01:59:03Z"",""scheduled"":""2024-06-04T21:19:02Z""},""diff"":""bad"",""diffMin"":280},{""station"":""Evansburg"",""code"":""EVAN"",""estimated"":""2024-06-05T04:06:16Z"",""scheduled"":""2024-06-04T22:28:00Z"",""eta"":""ARR"",""arrival"":{""estimated"":""2024-06-05T04:06:16Z"",""scheduled"":""2024-06-04T22:28:00Z""},""departure"":{""estimated"":""2024-06-05T04:06:16Z"",""scheduled"":""2024-06-04T22:28:02Z""},""diff"":""bad"",""diffMin"":338},{""station"":""Edmonton"",""code"":""EDMO"",""estimated"":""2024-06-05T07:19:27Z"",""scheduled"":""2024-06-05T00:50:00Z"",""eta"":""ARR"",""arrival"":{""estimated"":""2024-06-05T07:19:27Z"",""scheduled"":""2024-06-05T00:50:00Z""},""departure"":{""estimated"":""2024-06-05T07:19:27Z"",""scheduled"":""2024-06-05T01:50:00Z""},""diff"":""bad"",""diffMin"":389},{""station"":""Viking"",""code"":""VKNG"",""estimated"":""2024-06-05T11:00:51Z"",""scheduled"":""2024-06-05T03:53:00Z"",""eta"":""ARR"",""arrival"":{""estimated"":""2024-06-05T11:00:51Z"",""scheduled"":""2024-06-05T03:53:00Z""},""departure"":{""estimated"":""2024-06-05T11:00:51Z"",""scheduled"":""2024-06-05T03:53:02Z""},""diff"":""bad"",""diffMin"":427},{""station"":""Wainwright"",""code"":""WAIN"",""estimated"":""2024-06-05T12:28:53Z"",""scheduled"":""2024-06-05T06:14:00Z"",""eta"":""ARR"",""arrival"":{""estimated"":""2024-06-05T12:28:53Z"",""scheduled"":""2024-06-05T06:14:00Z""},""departure"":{""estimated"":""2024-06-05T12:28:53Z"",""scheduled"":""2024-06-05T06:14:02Z""},""diff"":""bad"",""diffMin"":374},{""station"":""Unity"",""code"":""UNIT"",""estimated"":""2024-06-05T15:27:04Z"",""scheduled"":""2024-06-05T07:47:00Z"",""eta"":""ARR"",""arrival"":{""estimated"":""2024-06-05T15:27:04Z"",""scheduled"":""2024-06-05T07:47:00Z""},""departure"":{""estimated"":""2024-06-05T15:27:04Z"",""scheduled"":""2024-06-05T07:47:02Z""},""diff"":""bad"",""diffMin"":460},{""station"":""Biggar"",""code"":""BIGG"",""estimated"":""2024-06-05T16:25:40Z"",""scheduled"":""2024-06-05T09:21:00Z"",""eta"":""ARR"",""arrival"":{""estimated"":""2024-06-05T16:25:40Z"",""scheduled"":""2024-06-05T09:21:00Z""},""departure"":{""estimated"":""2024-06-05T16:25:40Z"",""scheduled"":""2024-06-05T09:31:00Z""},""diff"":""bad"",""diffMin"":424},{""station"":""Saskatoon"",""code"":""SASK"",""estimated"":""2024-06-05T17:20:04Z"",""scheduled"":""2024-06-05T11:57:00Z"",""eta"":""ARR"",""arrival"":{""estimated"":""2024-06-05T17:20:04Z"",""scheduled"":""2024-06-05T11:57:00Z""},""departure"":{""estimated"":""2024-06-05T17:20:04Z"",""scheduled"":""2024-06-05T12:57:00Z""},""diff"":""bad"",""diffMin"":323},{""station"":""Watrous"",""code"":""WATR"",""estimated"":""2024-06-05T20:29:53Z"",""scheduled"":""2024-06-05T14:26:00Z"",""eta"":""ARR"",""arrival"":{""estimated"":""2024-06-05T20:29:53Z"",""scheduled"":""2024-06-05T14:26:00Z""},""departure"":{""estimated"":""2024-06-05T20:29:53Z"",""scheduled"":""2024-06-05T14:26:02Z""},""diff"":""bad"",""diffMin"":363},{""station"":""Melville"",""code"":""MELV"",""estimated"":""2024-06-05T23:35:18Z"",""scheduled"":""2024-06-05T18:47:00Z"",""eta"":""ARR"",""arrival"":{""estimated"":""2024-06-05T23:35:18Z"",""scheduled"":""2024-06-05T18:47:00Z""},""departure"":{""estimated"":""2024-06-05T23:35:18Z"",""scheduled"":""2024-06-05T18:57:00Z""},""diff"":""bad"",""diffMin"":288},{""station"":""Rivers"",""code"":""RVRS"",""estimated"":""2024-06-06T06:06:04Z"",""scheduled"":""2024-06-05T22:22:00Z"",""eta"":""ARR"",""arrival"":{""estimated"":""2024-06-06T06:06:04Z"",""scheduled"":""2024-06-05T22:22:00Z""},""departure"":{""estimated"":""2024-06-06T06:06:04Z"",""scheduled"":""2024-06-05T22:22:02Z""},""diff"":""bad"",""diffMin"":464},{""station"":""Portage La Prairie"",""code"":""PLPX"",""estimated"":""2024-06-06T07:56:53Z"",""scheduled"":""2024-06-06T00:15:00Z"",""eta"":""ARR"",""arrival"":{""estimated"":""2024-06-06T07:56:53Z"",""scheduled"":""2024-06-06T00:15:00Z""},""departure"":{""estimated"":""2024-06-06T07:56:53Z"",""scheduled"":""2024-06-06T00:15:02Z""},""diff"":""bad"",""diffMin"":461},{""station"":""Winnipeg"",""code"":""WNPG"",""estimated"":""2024-06-06T10:12:20Z"",""scheduled"":""2024-06-06T03:00:00Z"",""eta"":""1h38"",""arrival"":{""estimated"":""2024-06-06T10:12:20Z"",""scheduled"":""2024-06-06T03:00:00Z""},""departure"":{""estimated"":""2024-06-06T10:12:20Z"",""scheduled"":""2024-06-06T04:30:00Z""},""diff"":""bad"",""diffMin"":432},{""station"":""Elma"",""code"":""ELMA"",""estimated"":""2024-06-06T12:49:20Z"",""scheduled"":""2024-06-06T05:37:00Z"",""eta"":""4h15"",""arrival"":{""estimated"":""2024-06-06T12:49:20Z"",""scheduled"":""2024-06-06T05:37:00Z""},""departure"":{""estimated"":""2024-06-06T12:49:20Z"",""scheduled"":""2024-06-06T05:37:02Z""},""diff"":""bad"",""diffMin"":432},{""station"":""Brereton Lake"",""code"":""BRTL"",""estimated"":""&mdash;"",""scheduled"":""2024-06-06T05:58:00Z"",""eta"":""&mdash;"",""arrival"":{""scheduled"":""2024-06-06T05:58:00Z""},""departure"":{""scheduled"":""2024-06-06T05:58:02Z""}},{""station"":""Ophir"",""code"":""OPHR"",""estimated"":""&mdash;"",""scheduled"":""2024-06-06T06:16:00Z"",""eta"":""&mdash;"",""arrival"":{""scheduled"":""2024-06-06T06:16:00Z""},""departure"":{""scheduled"":""2024-06-06T06:16:02Z""}},{""station"":""Winnitoba"",""code"":""WNTB"",""estimated"":""&mdash;"",""scheduled"":""2024-06-06T06:21:00Z"",""eta"":""&mdash;"",""arrival"":{""scheduled"":""2024-06-06T06:21:00Z""},""departure"":{""scheduled"":""2024-06-06T06:21:02Z""}},{""station"":""Rice Lake"",""code"":""RCLK"",""estimated"":""&mdash;"",""scheduled"":""2024-06-06T06:35:00Z"",""eta"":""&mdash;"",""arrival"":{""scheduled"":""2024-06-06T06:35:00Z""},""departure"":{""scheduled"":""2024-06-06T06:35:02Z""}},{""station"":""Copelands Landing"",""code"":""COPE"",""estimated"":""&mdash;"",""scheduled"":""2024-06-06T06:38:00Z"",""eta"":""&mdash;"",""arrival"":{""scheduled"":""2024-06-06T06:38:00Z""},""departure"":{""scheduled"":""2024-06-06T06:38:02Z""}},{""station"":""Malachi"",""code"":""MLCH"",""estimated"":""&mdash;"",""scheduled"":""2024-06-06T06:40:00Z"",""eta"":""&mdash;"",""arrival"":{""scheduled"":""2024-06-06T06:40:00Z""},""departure"":{""scheduled"":""2024-06-06T06:40:02Z""}},{""station"":""Ottermere"",""code"":""OTTM"",""estimated"":""&mdash;"",""scheduled"":""2024-06-06T06:46:00Z"",""eta"":""&mdash;"",""arrival"":{""scheduled"":""2024-06-06T06:46:00Z""},""departure"":{""scheduled"":""2024-06-06T06:46:02Z""}},{""station"":""Minaki"",""code"":""MNKI"",""estimated"":""&mdash;"",""scheduled"":""2024-06-06T07:03:00Z"",""eta"":""&mdash;"",""arrival"":{""scheduled"":""2024-06-06T07:03:00Z""},""departure"":{""scheduled"":""2024-06-06T07:03:02Z""}},{""station"":""Redditt"",""code"":""RDDT"",""estimated"":""&mdash;"",""scheduled"":""2024-06-06T07:29:00Z"",""eta"":""&mdash;"",""arrival"":{""scheduled"":""2024-06-06T07:29:00Z""},""departure"":{""scheduled"":""2024-06-06T07:29:02Z""}},{""station"":""Farlane"",""code"":""FARL"",""estimated"":""&mdash;"",""scheduled"":""2024-06-06T07:46:00Z"",""eta"":""&mdash;"",""arrival"":{""scheduled"":""2024-06-06T07:46:00Z""},""departure"":{""scheduled"":""2024-06-06T07:46:02Z""}},{""station"":""Canyon"",""code"":""CNYK"",""estimated"":""&mdash;"",""scheduled"":""2024-06-06T08:23:00Z"",""eta"":""&mdash;"",""arrival"":{""scheduled"":""2024-06-06T08:23:00Z""},""departure"":{""scheduled"":""2024-06-06T08:23:02Z""}},{""station"":""Red Lake Road"",""code"":""RLRX"",""estimated"":""&mdash;"",""scheduled"":""2024-06-06T08:51:00Z"",""eta"":""&mdash;"",""arrival"":{""scheduled"":""2024-06-06T08:51:00Z""},""departure"":{""scheduled"":""2024-06-06T08:51:02Z""}},{""station"":""Richan"",""code"":""RCHN"",""estimated"":""&mdash;"",""scheduled"":""2024-06-06T09:28:00Z"",""eta"":""&mdash;"",""arrival"":{""scheduled"":""2024-06-06T09:28:00Z""},""departure"":{""scheduled"":""2024-06-06T09:28:02Z""}},{""station"":""Sioux Lookout"",""code"":""SLKT"",""estimated"":""&mdash;"",""scheduled"":""2024-06-06T11:01:00Z"",""eta"":""&mdash;"",""arrival"":{""scheduled"":""2024-06-06T11:01:00Z""},""departure"":{""scheduled"":""2024-06-06T11:51:00Z""}},{""station"":""Savant Lake"",""code"":""SAVL"",""estimated"":""&mdash;"",""scheduled"":""2024-06-06T13:14:00Z"",""eta"":""&mdash;"",""arrival"":{""scheduled"":""2024-06-06T13:14:00Z""},""departure"":{""scheduled"":""2024-06-06T13:14:02Z""}},{""station"":""Flindt Landing"",""code"":""FLTL"",""estimated"":""&mdash;"",""scheduled"":""2024-06-06T13:31:00Z"",""eta"":""&mdash;"",""arrival"":{""scheduled"":""2024-06-06T13:31:00Z""},""departure"":{""scheduled"":""2024-06-06T13:31:02Z""}},{""station"":""Allanwater Bridge"",""code"":""ALWB"",""estimated"":""&mdash;"",""scheduled"":""2024-06-06T13:46:00Z"",""eta"":""&mdash;"",""arrival"":{""scheduled"":""2024-06-06T13:46:00Z""},""departure"":{""scheduled"":""2024-06-06T13:46:02Z""}},{""station"":""Collins"",""code"":""COLL"",""estimated"":""&mdash;"",""scheduled"":""2024-06-06T14:26:00Z"",""eta"":""&mdash;"",""arrival"":{""scheduled"":""2024-06-06T14:26:00Z""},""departure"":{""scheduled"":""2024-06-06T14:26:02Z""}},{""station"":""Armstrong"",""code"":""ARMG"",""estimated"":""&mdash;"",""scheduled"":""2024-06-06T14:57:00Z"",""eta"":""&mdash;"",""arrival"":{""scheduled"":""2024-06-06T14:57:00Z""},""departure"":{""scheduled"":""2024-06-06T14:57:02Z""}},{""station"":""Mud River"",""code"":""MUDR"",""estimated"":""&mdash;"",""scheduled"":""2024-06-06T15:29:00Z"",""eta"":""&mdash;"",""arrival"":{""scheduled"":""2024-06-06T15:29:00Z""},""departure"":{""scheduled"":""2024-06-06T15:29:02Z""}},{""station"":""Ferland"",""code"":""FERL"",""estimated"":""&mdash;"",""scheduled"":""2024-06-06T15:37:00Z"",""eta"":""&mdash;"",""arrival"":{""scheduled"":""2024-06-06T15:37:00Z""},""departure"":{""scheduled"":""2024-06-06T15:37:02Z""}},{""station"":""Auden"",""code"":""AUDN"",""estimated"":""&mdash;"",""scheduled"":""2024-06-06T16:14:00Z"",""eta"":""&mdash;"",""arrival"":{""scheduled"":""2024-06-06T16:14:00Z""},""departure"":{""scheduled"":""2024-06-06T16:14:02Z""}},{""station"":""Nakina"",""code"":""NAKI"",""estimated"":""&mdash;"",""scheduled"":""2024-06-06T17:20:00Z"",""eta"":""&mdash;"",""arrival"":{""scheduled"":""2024-06-06T17:20:00Z""},""departure"":{""scheduled"":""2024-06-06T17:20:02Z""}},{""station"":""Longlac"",""code"":""LLAC"",""estimated"":""&mdash;"",""scheduled"":""2024-06-06T18:11:00Z"",""eta"":""&mdash;"",""arrival"":{""scheduled"":""2024-06-06T18:11:00Z""},""departure"":{""scheduled"":""2024-06-06T18:11:02Z""}},{""station"":""Caramat"",""code"":""CARA"",""estimated"":""&mdash;"",""scheduled"":""2024-06-06T18:39:00Z"",""eta"":""&mdash;"",""arrival"":{""scheduled"":""2024-06-06T18:39:00Z""},""departure"":{""scheduled"":""2024-06-06T18:39:02Z""}},{""station"":""Hillsport"",""code"":""HLSP"",""estimated"":""&mdash;"",""scheduled"":""2024-06-06T19:29:00Z"",""eta"":""&mdash;"",""arrival"":{""scheduled"":""2024-06-06T19:29:00Z""},""departure"":{""scheduled"":""2024-06-06T19:29:02Z""}},{""station"":""Hornepayne"",""code"":""HNPN"",""estimated"":""&mdash;"",""scheduled"":""2024-06-06T21:44:00Z"",""eta"":""&mdash;"",""arrival"":{""scheduled"":""2024-06-06T21:44:00Z""},""departure"":{""scheduled"":""2024-06-06T22:39:00Z""}}]"
"1 (06-05)",,,,,,true,false,"TORONTO","VANCOUVER","2024-06-05",,"[{""station"":""Toronto"",""code"":""TRTO"",""estimated"":""2024-06-05T13:55:00Z"",""scheduled"":""2024-06-05T13:55:00Z"",""eta"":""ARR"",""departure"":{""estimated"":""2024-06-05T13:55:00Z"",""scheduled"":""2024-06-05T13:55:00Z""},""diff"":""goo"",""diffMin"":0},{""station"":""Washago"",""code"":""WSHG"",""estimated"":""2024-06-05T16:17:54Z"",""scheduled"":""2024-06-05T16:25:00Z"",""eta"":""ARR"",""arrival"":{""estimated"":""2024-06-05T16:17:54Z"",""scheduled"":""2024-06-05T16:25:00Z""},""departure"":{""estimated"":""2024-06-05T16:24:30Z"",""scheduled"":""2024-06-05T16:25:02Z""},""diff"":""goo"",""diffMin"":-7},{""station"":""South Parry"",""code"":""SPAR"",""estimated"":""2024-06-05T18:41:52Z"",""scheduled"":""2024-06-05T18:27:00Z"",""eta"":""ARR"",""arrival"":{""estimated"":""2024-06-05T18:41:52Z"",""scheduled"":""2024-06-05T18:27:00Z""},""departure"":{""estimated"":""2024-06-05T18:41:52Z"",""scheduled"":""2024-06-05T18:27:02Z""},""diff"":""med"",""diffMin"":14},{""station"":""Sudbury (Jct.)"",""code"":""SUDJ"",""estimated"":""2024-06-05T21:39:21Z"",""scheduled"":""2024-06-05T20:57:00Z"",""eta"":""ARR"",""arrival"":{""estimated"":""2024-06-05T21:39:21Z"",""scheduled"":""2024-06-05T20:57:00Z""},""departure"":{""estimated"":""2024-06-05T21:39:21Z"",""scheduled"":""2024-06-05T20:57:02Z""},""diff"":""bad"",""diffMin"":42},{""station"":""Capreol"",""code"":""CAPR"",""estimated"":""2024-06-05T22:56:32Z"",""scheduled"":""2024-06-05T21:22:00Z"",""eta"":""ARR"",""arrival"":{""estimated"":""2024-06-05T22:56:32Z"",""scheduled"":""2024-06-05T21:22:00Z""},""departure"":{""estimated"":""2024-06-05T22:56:32Z"",""scheduled"":""2024-06-05T21:52:00Z""},""diff"":""bad"",""diffMin"":94},{""station"":""Laforest"",""code"":""LAFO"",""estimated"":""2024-06-06T00:36:36Z"",""scheduled"":""2024-06-05T22:48:00Z"",""eta"":""ARR"",""arrival"":{""estimated"":""2024-06-06T00:36:36Z"",""scheduled"":""2024-06-05T22:48:00Z""},""departure"":{""estimated"":""2024-06-06T00:36:36Z"",""scheduled"":""2024-06-05T22:48:02Z""},""diff"":""bad"",""diffMin"":108},{""station"":""McKee's Camp"",""code"":""MCKC"",""estimated"":""2024-06-06T00:49:36Z"",""scheduled"":""2024-06-05T23:01:00Z"",""eta"":""ARR"",""arrival"":{""estimated"":""2024-06-06T00:49:36Z"",""scheduled"":""2024-06-05T23:01:00Z""},""departure"":{""estimated"":""2024-06-06T00:49:36Z"",""scheduled"":""2024-06-05T23:01:02Z""},""diff"":""bad"",""diffMin"":108},{""station"":""Felix"",""code"":""FELX"",""estimated"":""2024-06-06T01:09:36Z"",""scheduled"":""2024-06-05T23:21:00Z"",""eta"":""ARR"",""arrival"":{""estimated"":""2024-06-06T01:09:36Z"",""scheduled"":""2024-06-05T23:21:00Z""},""departure"":{""estimated"":""2024-06-06T01:09:36Z"",""scheduled"":""2024-06-05T23:21:02Z""},""diff"":""bad"",""diffMin"":108},{""station"":""Ruel"",""code"":""RUEL"",""estimated"":""2024-06-06T01:16:36Z"",""scheduled"":""2024-06-05T23:28:00Z"",""eta"":""ARR"",""arrival"":{""estimated"":""2024-06-06T01:16:36Z"",""scheduled"":""2024-06-05T23:28:00Z""},""departure"":{""estimated"":""2024-06-06T01:16:36Z"",""scheduled"":""2024-06-05T23:28:02Z""},""diff"":""bad"",""diffMin"":108},{""station"":""Westree"",""code"":""WSTR"",""estimated"":""2024-06-06T01:15:11Z"",""scheduled"":""2024-06-05T23:45:00Z"",""eta"":""ARR"",""arrival"":{""estimated"":""2024-06-06T01:15:11Z"",""scheduled"":""2024-06-05T23:45:00Z""},""departure"":{""estimated"":""2024-06-06T01:15:11Z"",""scheduled"":""2024-06-05T23:45:02Z""},""diff"":""bad"",""diffMin"":90},{""station"":""Gogama"",""code"":""GOGA"",""estimated"":""2024-06-06T01:42:38Z"",""scheduled"":""2024-06-06T00:18:00Z"",""eta"":""ARR"",""arrival"":{""estimated"":""2024-06-06T01:42:38Z"",""scheduled"":""2024-06-06T00:18:00Z""},""departure"":{""estimated"":""2024-06-06T01:42:38Z"",""scheduled"":""2024-06-06T00:18:02Z""},""diff"":""bad"",""diffMin"":84},{""station"":""Foleyet"",""code"":""FOLE"",""estimated"":""2024-06-06T03:04:56Z"",""scheduled"":""2024-06-06T02:44:00Z"",""eta"":""ARR"",""arrival"":{""estimated"":""2024-06-06T03:04:56Z"",""scheduled"":""2024-06-06T02:44:00Z""},""departure"":{""estimated"":""2024-06-06T03:04:56Z"",""scheduled"":""2024-06-06T02:44:02Z""},""diff"":""bad"",""diffMin"":20},{""station"":""Elsas"",""code"":""ELSA"",""estimated"":""2024-06-06T03:55:52Z"",""scheduled"":""2024-06-06T03:38:00Z"",""eta"":""ARR"",""arrival"":{""estimated"":""2024-06-06T03:55:52Z"",""scheduled"":""2024-06-06T03:38:00Z""},""departure"":{""estimated"":""2024-06-06T03:55:52Z"",""scheduled"":""2024-06-06T03:38:02Z""},""diff"":""bad"",""diffMin"":17},{""station"":""Oba"",""code"":""OBAX"",""estimated"":""2024-06-06T05:55:52Z"",""scheduled"":""2024-06-06T05:38:00Z"",""eta"":""ARR"",""arrival"":{""estimated"":""2024-06-06T05:55:52Z"",""scheduled"":""2024-06-06T05:38:00Z""},""departure"":{""estimated"":""2024-06-06T05:55:52Z"",""scheduled"":""2024-06-06T05:38:02Z""},""diff"":""bad"",""diffMin"":17},{""station"":""Hornepayne"",""code"":""HNPN"",""estimated"":""2024-06-06T06:46:04Z"",""scheduled"":""2024-06-06T06:29:00Z"",""eta"":""ARR"",""arrival"":{""estimated"":""2024-06-06T06:46:04Z"",""scheduled"":""2024-06-06T06:29:00Z""},""departure"":{""estimated"":""2024-06-06T06:46:04Z"",""scheduled"":""2024-06-06T07:09:00Z""},""diff"":""bad"",""diffMin"":17},{""station"":""Hillsport"",""code"":""HLSP"",""estimated"":""2024-06-06T08:21:13Z"",""scheduled"":""2024-06-06T08:05:00Z"",""eta"":""ARR"",""arrival"":{""estimated"":""2024-06-06T08:21:13Z"",""scheduled"":""2024-06-06T08:05:00Z""},""departure"":{""estimated"":""2024-06-06T08:21:13Z"",""scheduled"":""2024-06-06T08:05:02Z""},""diff"":""bad"",""diffMin"":16},{""station"":""Caramat"",""code"":""CARA"",""estimated"":""2024-06-06T09:11:13Z"",""scheduled"":""2024-06-06T08:55:00Z"",""eta"":""36 mins"",""arrival"":{""estimated"":""2024-06-06T09:11:13Z"",""scheduled"":""2024-06-06T08:55:00Z""},""departure"":{""estimated"":""2024-06-06T09:11:13Z"",""scheduled"":""2024-06-06T08:55:02Z""},""diff"":""bad"",""diffMin"":16},{""station"":""Longlac"",""code"":""LLAC"",""estimated"":""2024-06-06T09:50:13Z"",""scheduled"":""2024-06-06T09:34:00Z"",""eta"":""1h15"",""arrival"":{""estimated"":""2024-06-06T09:50:13Z"",""scheduled"":""2024-06-06T09:34:00Z""},""departure"":{""estimated"":""2024-06-06T09:50:13Z"",""scheduled"":""2024-06-06T09:34:02Z""},""diff"":""bad"",""diffMin"":16},{""station"":""Nakina"",""code"":""NAKI"",""estimated"":""&mdash;"",""scheduled"":""2024-06-06T10:13:00Z"",""eta"":""&mdash;"",""arrival"":{""scheduled"":""2024-06-06T10:13:00Z""},""departure"":{""scheduled"":""2024-06-06T10:13:02Z""}},{""station"":""Auden"",""code"":""AUDN"",""estimated"":""&mdash;"",""scheduled"":""2024-06-06T11:19:00Z"",""eta"":""&mdash;"",""arrival"":{""scheduled"":""2024-06-06T11:19:00Z""},""departure"":{""scheduled"":""2024-06-06T11:19:02Z""}},{""station"":""Ferland"",""code"":""FERL"",""estimated"":""&mdash;"",""scheduled"":""2024-06-06T11:56:00Z"",""eta"":""&mdash;"",""arrival"":{""scheduled"":""2024-06-06T11:56:00Z""},""departure"":{""scheduled"":""2024-06-06T11:56:02Z""}},{""station"":""Mud River"",""code"":""MUDR"",""estimated"":""&mdash;"",""scheduled"":""2024-06-06T12:05:00Z"",""eta"":""&mdash;"",""arrival"":{""scheduled"":""2024-06-06T12:05:00Z""},""departure"":{""scheduled"":""2024-06-06T12:05:02Z""}},{""station"":""Armstrong"",""code"":""ARMG"",""estimated"":""&mdash;"",""scheduled"":""2024-06-06T13:17:00Z"",""eta"":""&mdash;"",""arrival"":{""scheduled"":""2024-06-06T13:17:00Z""},""departure"":{""scheduled"":""2024-06-06T13:17:02Z""}},{""station"":""Collins"",""code"":""COLL"",""estimated"":""&mdash;"",""scheduled"":""2024-06-06T13:47:00Z"",""eta"":""&mdash;"",""arrival"":{""scheduled"":""2024-06-06T13:47:00Z""},""departure"":{""scheduled"":""2024-06-06T13:47:02Z""}},{""station"":""Allanwater Bridge"",""code"":""ALWB"",""estimated"":""&mdash;"",""scheduled"":""2024-06-06T14:26:00Z"",""eta"":""&mdash;"",""arrival"":{""scheduled"":""2024-06-06T14:26:00Z""},""departure"":{""scheduled"":""2024-06-06T14:26:02Z""}},{""station"":""Flindt Landing"",""code"":""FLTL"",""estimated"":""&mdash;"",""scheduled"":""2024-06-06T14:42:00Z"",""eta"":""&mdash;"",""arrival"":{""scheduled"":""2024-06-06T14:42:00Z""},""departure"":{""scheduled"":""2024-06-06T14:42:02Z""}},{""station"":""Savant Lake"",""code"":""SAVL"",""estimated"":""&mdash;"",""scheduled"":""2024-06-06T14:59:00Z"",""eta"":""&mdash;"",""arrival"":{""scheduled"":""2024-06-06T14:59:00Z""},""departure"":{""scheduled"":""2024-06-06T14:59:02Z""}},{""station"":""Sioux Lookout"",""code"":""SLKT"",""estimated"":""&mdash;"",""scheduled"":""2024-06-06T16:25:00Z"",""eta"":""&mdash;"",""arrival"":{""scheduled"":""2024-06-06T16:25:00Z""},""departure"":{""scheduled"":""2024-06-06T16:55:00Z""}},{""station"":""Richan"",""code"":""RCHN"",""estimated"":""&mdash;"",""scheduled"":""2024-06-06T18:05:00Z"",""eta"":""&mdash;"",""arrival"":{""scheduled"":""2024-06-06T18:05:00Z""},""departure"":{""scheduled"":""2024-06-06T18:05:02Z""}},{""station"":""Red Lake Road"",""code"":""RLRX"",""estimated"":""&mdash;"",""scheduled"":""2024-06-06T18:41:00Z"",""eta"":""&mdash;"",""arrival"":{""scheduled"":""2024-06-06T18:41:00Z""},""departure"":{""scheduled"":""2024-06-06T18:41:02Z""}},{""station"":""Canyon"",""code"":""CNYK"",""estimated"":""&mdash;"",""scheduled"":""2024-06-06T19:10:00Z"",""eta"":""&mdash;"",""arrival"":{""scheduled"":""2024-06-06T19:10:00Z""},""departure"":{""scheduled"":""2024-06-06T19:10:02Z""}},{""station"":""Farlane"",""code"":""FARL"",""estimated"":""&mdash;"",""scheduled"":""2024-06-06T19:47:00Z"",""eta"":""&mdash;"",""arrival"":{""scheduled"":""2024-06-06T19:47:00Z""},""departure"":{""scheduled"":""2024-06-06T19:47:02Z""}},{""station"":""Redditt"",""code"":""RDDT"",""estimated"":""&mdash;"",""scheduled"":""2024-06-06T20:23:00Z"",""eta"":""&mdash;"",""arrival"":{""scheduled"":""2024-06-06T20:23:00Z""},""departure"":{""scheduled"":""2024-06-06T20:23:02Z""}},{""station"":""Minaki"",""code"":""MNKI"",""estimated"":""&mdash;"",""scheduled"":""2024-06-06T20:44:00Z"",""eta"":""&mdash;"",""arrival"":{""scheduled"":""2024-06-06T20:44:00Z""},""departure"":{""scheduled"":""2024-06-06T20:44:02Z""}},{""station"":""Ottermere"",""code"":""OTTM"",""estimated"":""&mdash;"",""scheduled"":""2024-06-06T21:01:00Z"",""eta"":""&mdash;"",""arrival"":{""scheduled"":""2024-06-06T21:01:00Z""},""departure"":{""scheduled"":""2024-06-06T21:01:02Z""}},{""station"":""Malachi"",""code"":""MLCH"",""estimated"":""&mdash;"",""scheduled"":""2024-06-06T21:07:00Z"",""eta"":""&mdash;"",""arrival"":{""scheduled"":""2024-06-06T21:07:00Z""},""departure"":{""scheduled"":""2024-06-06T21:07:02Z""}},{""station"":""Copelands Landing"",""code"":""COPE"",""estimated"":""&mdash;"",""scheduled"":""2024-06-06T21:09:00Z"",""eta"":""&mdash;"",""arrival"":{""scheduled"":""2024-06-06T21:09:00Z""},""departure"":{""scheduled"":""2024-06-06T21:09:02Z""}},{""station"":""Rice Lake"",""code"":""RCLK"",""estimated"":""&mdash;"",""scheduled"":""2024-06-06T21:12:00Z"",""eta"":""&mdash;"",""arrival"":{""scheduled"":""2024-06-06T21:12:00Z""},""departure"":{""scheduled"":""2024-06-06T21:12:02Z""}},{""station"":""Winnitoba"",""code"":""WNTB"",""estimated"":""&mdash;"",""scheduled"":""2024-06-06T21:26:00Z"",""eta"":""&mdash;"",""arrival"":{""scheduled"":""2024-06-06T21:26:00Z""},""departure"":{""scheduled"":""2024-06-06T21:26:02Z""}},{""station"":""Ophir"",""code"":""OPHR"",""estimated"":""&mdash;"",""scheduled"":""2024-06-06T21:31:00Z"",""eta"":""&mdash;"",""arrival"":{""scheduled"":""2024-06-06T21:31:00Z""},""departure"":{""scheduled"":""2024-06-06T21:31:02Z""}},{""station"":""Brereton Lake"",""code"":""BRTL"",""estimated"":""&mdash;"",""scheduled"":""2024-06-06T21:49:00Z"",""eta"":""&mdash;"",""arrival"":{""scheduled"":""2024-06-06T21:49:00Z""},""departure"":{""scheduled"":""2024-06-06T21:49:02Z""}},{""station"":""Elma"",""code"":""ELMA"",""estimated"":""&mdash;"",""scheduled"":""2024-06-06T22:10:00Z"",""eta"":""&mdash;"",""arrival"":{""scheduled"":""2024-06-06T22:10:00Z""},""departure"":{""scheduled"":""2024-06-06T22:10:02Z""}}]"
"693",,,,,,true,false,"WINNIPEG","CHURCHILL","2024-06-04",,"[{""station"":""Winnipeg"",""code"":""WNPG"",""estimated"":""2024-06-04T17:51:00Z"",""scheduled"":""2024-06-04T17:05:00Z"",""eta"":""ARR"",""departure"":{""estimated"":""2024-06-04T17:51:00Z"",""scheduled"":""2024-06-04T17:05:00Z""},""diff"":""bad"",""diffMin"":46},{""station"":""Portage La Prairie"",""code"":""PLPX"",""estimated"":""2024-06-04T20:06:45Z"",""scheduled"":""2024-06-04T18:15:00Z"",""eta"":""ARR"",""arrival"":{""estimated"":""2024-06-04T20:06:45Z"",""scheduled"":""2024-06-04T18:15:00Z""},""departure"":{""estimated"":""2024-06-04T20:06:45Z"",""scheduled"":""2024-06-04T18:15:22Z""},""diff"":""bad"",""diffMin"":111},{""station"":""Gladstone"",""code"":""GSTO"",""estimated"":""2024-06-04T20:49:48Z"",""scheduled"":""2024-06-04T19:07:00Z"",""eta"":""ARR"",""arrival"":{""estimated"":""2024-06-04T20:49:48Z"",""scheduled"":""2024-06-04T19:07:00Z""},""departure"":{""estimated"":""2024-06-04T20:49:48Z"",""scheduled"":""2024-06-04T19:07:02Z""},""diff"":""bad"",""diffMin"":102},{""station"":""Plumas"",""code"":""PLUM"",""estimated"":""2024-06-04T21:20:10Z"",""scheduled"":""2024-06-04T19:44:00Z"",""eta"":""ARR"",""arrival"":{""estimated"":""2024-06-04T21:20:10Z"",""scheduled"":""2024-06-04T19:44:00Z""},""departure"":{""estimated"":""2024-06-04T21:20:10Z"",""scheduled"":""2024-06-04T19:44:02Z""},""diff"":""bad"",""diffMin"":96},{""station"":""Glenella"",""code"":""GLNA"",""estimated"":""2024-06-04T21:45:51Z"",""scheduled"":""2024-06-04T20:16:00Z"",""eta"":""ARR"",""arrival"":{""estimated"":""2024-06-04T21:45:51Z"",""scheduled"":""2024-06-04T20:16:00Z""},""departure"":{""estimated"":""2024-06-04T21:45:51Z"",""scheduled"":""2024-06-04T20:16:02Z""},""diff"":""bad"",""diffMin"":89},{""station"":""Mccreary"",""code"":""MCCR"",""estimated"":""2024-06-04T22:25:29Z"",""scheduled"":""2024-06-04T20:57:00Z"",""eta"":""ARR"",""arrival"":{""estimated"":""2024-06-04T22:25:29Z"",""scheduled"":""2024-06-04T20:57:00Z""},""departure"":{""estimated"":""2024-06-04T22:25:29Z"",""scheduled"":""2024-06-04T20:57:02Z""},""diff"":""bad"",""diffMin"":88},{""station"":""Laurier"",""code"":""LRIE"",""estimated"":""2024-06-04T22:41:07Z"",""scheduled"":""2024-06-04T21:15:00Z"",""eta"":""ARR"",""arrival"":{""estimated"":""2024-06-04T22:41:07Z"",""scheduled"":""2024-06-04T21:15:00Z""},""departure"":{""estimated"":""2024-06-04T22:41:07Z"",""scheduled"":""2024-06-04T21:15:02Z""},""diff"":""bad"",""diffMin"":86},{""station"":""Ochre River"",""code"":""OCHR"",""estimated"":""2024-06-04T23:06:35Z"",""scheduled"":""2024-06-04T21:36:00Z"",""eta"":""ARR"",""arrival"":{""estimated"":""2024-06-04T23:06:35Z"",""scheduled"":""2024-06-04T21:36:00Z""},""departure"":{""estimated"":""2024-06-04T23:06:35Z"",""scheduled"":""2024-06-04T21:36:02Z""},""diff"":""bad"",""diffMin"":90},{""station"":""Dauphin"",""code"":""DAUP"",""estimated"":""2024-06-04T23:26:16Z"",""scheduled"":""2024-06-04T21:56:00Z"",""eta"":""ARR"",""arrival"":{""estimated"":""2024-06-04T23:26:16Z"",""scheduled"":""2024-06-04T21:56:00Z""},""departure"":{""estimated"":""2024-06-04T23:26:16Z"",""scheduled"":""2024-06-04T22:06:00Z""},""diff"":""bad"",""diffMin"":90},{""station"":""Gilbert Plains"",""code"":""GLBP"",""estimated"":""2024-06-05T00:31:38Z"",""scheduled"":""2024-06-04T22:44:00Z"",""eta"":""ARR"",""arrival"":{""estimated"":""2024-06-05T00:31:38Z"",""scheduled"":""2024-06-04T22:44:00Z""},""departure"":{""estimated"":""2024-06-05T00:31:38Z"",""scheduled"":""2024-06-04T22:44:02Z""},""diff"":""bad"",""diffMin"":107},{""station"":""Grandview"",""code"":""GVIE"",""estimated"":""2024-06-05T00:53:30Z"",""scheduled"":""2024-06-04T23:00:00Z"",""eta"":""ARR"",""arrival"":{""estimated"":""2024-06-05T00:53:30Z"",""scheduled"":""2024-06-04T23:00:00Z""},""departure"":{""estimated"":""2024-06-05T00:53:30Z"",""scheduled"":""2024-06-04T23:00:02Z""},""diff"":""bad"",""diffMin"":113},{""station"":""Roblin"",""code"":""RBLN"",""estimated"":""2024-06-05T02:15:27Z"",""scheduled"":""2024-06-04T23:55:00Z"",""eta"":""ARR"",""arrival"":{""estimated"":""2024-06-05T02:15:27Z"",""scheduled"":""2024-06-04T23:55:00Z""},""departure"":{""estimated"":""2024-06-05T02:15:27Z"",""scheduled"":""2024-06-04T23:55:02Z""},""diff"":""bad"",""diffMin"":140},{""station"":""Togo"",""code"":""TOGO"",""estimated"":""2024-06-05T02:42:31Z"",""scheduled"":""2024-06-05T00:22:00Z"",""eta"":""ARR"",""arrival"":{""estimated"":""2024-06-05T02:42:31Z"",""scheduled"":""2024-06-05T00:22:00Z""},""departure"":{""estimated"":""2024-06-05T02:42:31Z"",""scheduled"":""2024-06-05T00:22:02Z""},""diff"":""bad"",""diffMin"":140},{""station"":""Kamsack"",""code"":""KAMS"",""estimated"":""2024-06-05T03:30:05Z"",""scheduled"":""2024-06-05T00:59:00Z"",""eta"":""ARR"",""arrival"":{""estimated"":""2024-06-05T03:30:05Z"",""scheduled"":""2024-06-05T00:59:00Z""},""departure"":{""estimated"":""2024-06-05T03:30:05Z"",""scheduled"":""2024-06-05T00:59:02Z""},""diff"":""bad"",""diffMin"":151},{""station"":""Veregin"",""code"":""VERE"",""estimated"":""2024-06-05T03:50:02Z"",""scheduled"":""2024-06-05T01:12:00Z"",""eta"":""ARR"",""arrival"":{""estimated"":""2024-06-05T03:50:02Z"",""scheduled"":""2024-06-05T01:12:00Z""},""departure"":{""estimated"":""2024-06-05T03:50:02Z"",""scheduled"":""2024-06-05T01:12:02Z""},""diff"":""bad"",""diffMin"":158},{""station"":""Mikado"",""code"":""MIKA"",""estimated"":""2024-06-05T04:04:23Z"",""scheduled"":""2024-06-05T01:22:00Z"",""eta"":""ARR"",""arrival"":{""estimated"":""2024-06-05T04:04:23Z"",""scheduled"":""2024-06-05T01:22:00Z""},""departure"":{""estimated"":""2024-06-05T04:04:23Z"",""scheduled"":""2024-06-05T01:22:02Z""},""diff"":""bad"",""diffMin"":162},{""station"":""Canora"",""code"":""CANO"",""estimated"":""2024-06-05T04:16:30Z"",""scheduled"":""2024-06-05T01:36:00Z"",""eta"":""ARR"",""arrival"":{""estimated"":""2024-06-05T04:16:30Z"",""scheduled"":""2024-06-05T01:36:00Z""},""departure"":{""estimated"":""2024-06-05T04:16:30Z"",""scheduled"":""2024-06-05T01:46:00Z""},""diff"":""bad"",""diffMin"":160},{""station"":""Sturgis"",""code"":""STGS"",""estimated"":""2024-06-05T05:16:18Z"",""scheduled"":""2024-06-05T02:21:00Z"",""eta"":""ARR"",""arrival"":{""estimated"":""2024-06-05T05:16:18Z"",""scheduled"":""2024-06-05T02:21:00Z""},""departure"":{""estimated"":""2024-06-05T05:16:18Z"",""scheduled"":""2024-06-05T02:21:02Z""},""diff"":""bad"",""diffMin"":175},{""station"":""Endeavour"",""code"":""ENDV"",""estimated"":""2024-06-05T05:47:01Z"",""scheduled"":""2024-06-05T02:54:00Z"",""eta"":""ARR"",""arrival"":{""estimated"":""2024-06-05T05:47:01Z"",""scheduled"":""2024-06-05T02:54:00Z""},""departure"":{""estimated"":""2024-06-05T05:47:01Z"",""scheduled"":""2024-06-05T02:54:02Z""},""diff"":""bad"",""diffMin"":173},{""station"":""Reserve"",""code"":""RSRV"",""estimated"":""2024-06-05T06:34:29Z"",""scheduled"":""2024-06-05T03:34:00Z"",""eta"":""ARR"",""arrival"":{""estimated"":""2024-06-05T06:34:29Z"",""scheduled"":""2024-06-05T03:34:00Z""},""departure"":{""estimated"":""2024-06-05T06:34:29Z"",""scheduled"":""2024-06-05T03:34:02Z""},""diff"":""bad"",""diffMin"":180},{""station"":""Hudson Bay"",""code"":""HBAY"",""estimated"":""2024-06-05T07:24:21Z"",""scheduled"":""2024-06-05T04:32:00Z"",""eta"":""ARR"",""arrival"":{""estimated"":""2024-06-05T07:24:21Z"",""scheduled"":""2024-06-05T04:32:00Z""},""departure"":{""estimated"":""2024-06-05T07:24:21Z"",""scheduled"":""2024-06-05T04:32:02Z""},""diff"":""bad"",""diffMin"":172},{""station"":""The Pas"",""code"":""TPAS"",""estimated"":""2024-06-05T10:12:59Z"",""scheduled"":""2024-06-05T06:45:00Z"",""eta"":""ARR"",""arrival"":{""estimated"":""2024-06-05T10:12:59Z"",""scheduled"":""2024-06-05T06:45:00Z""},""departure"":{""estimated"":""2024-06-05T10:12:59Z"",""scheduled"":""2024-06-05T07:30:00Z""},""diff"":""bad"",""diffMin"":207},{""station"":""Orok"",""code"":""OROK"",""estimated"":""2024-06-05T10:07:00Z"",""scheduled"":""2024-06-05T08:07:00Z"",""eta"":""ARR"",""arrival"":{""estimated"":""2024-06-05T10:07:00Z"",""scheduled"":""2024-06-05T08:07:00Z""},""departure"":{""estimated"":""2024-06-05T10:07:02Z"",""scheduled"":""2024-06-05T08:07:02Z""},""diff"":""bad"",""diffMin"":120},{""station"":""Halcrow"",""code"":""HALC"",""estimated"":""2024-06-05T11:47:48Z"",""scheduled"":""2024-06-05T09:01:00Z"",""eta"":""ARR"",""arrival"":{""estimated"":""2024-06-05T11:47:48Z"",""scheduled"":""2024-06-05T09:01:00Z""},""departure"":{""estimated"":""2024-06-05T11:47:48Z"",""scheduled"":""2024-06-05T09:01:02Z""},""diff"":""bad"",""diffMin"":166},{""station"":""Cormorant"",""code"":""CORM"",""estimated"":""2024-06-05T11:12:00Z"",""scheduled"":""2024-06-05T09:12:00Z"",""eta"":""ARR"",""arrival"":{""estimated"":""2024-06-05T11:12:00Z"",""scheduled"":""2024-06-05T09:12:00Z""},""departure"":{""estimated"":""2024-06-05T11:12:02Z"",""scheduled"":""2024-06-05T09:12:02Z""},""diff"":""bad"",""diffMin"":120},{""station"":""Dering"",""code"":""DERI"",""estimated"":""2024-06-05T12:04:00Z"",""scheduled"":""2024-06-05T09:20:00Z"",""eta"":""ARR"",""arrival"":{""estimated"":""2024-06-05T12:04:00Z"",""scheduled"":""2024-06-05T09:20:00Z""},""departure"":{""estimated"":""2024-06-05T12:04:00Z"",""scheduled"":""2024-06-05T09:20:02Z""},""diff"":""bad"",""diffMin"":164},{""station"":""Dyce"",""code"":""DYCE"",""estimated"":""2024-06-05T12:38:43Z"",""scheduled"":""2024-06-05T09:59:00Z"",""eta"":""ARR"",""arrival"":{""estimated"":""2024-06-05T12:38:43Z"",""scheduled"":""2024-06-05T09:59:00Z""},""departure"":{""estimated"":""2024-06-05T12:38:43Z"",""scheduled"":""2024-06-05T09:59:02Z""},""diff"":""bad"",""diffMin"":159},{""station"":""Wekusko"",""code"":""WEKU"",""estimated"":""2024-06-05T12:43:00Z"",""scheduled"":""2024-06-05T10:43:00Z"",""eta"":""ARR"",""arrival"":{""estimated"":""2024-06-05T12:43:00Z"",""scheduled"":""2024-06-05T10:43:00Z""},""departure"":{""estimated"":""2024-06-05T12:43:02Z"",""scheduled"":""2024-06-05T10:43:02Z""},""diff"":""bad"",""diffMin"":120},{""station"":""Turnbull"",""code"":""TURN"",""estimated"":""2024-06-05T13:10:00Z"",""scheduled"":""2024-06-05T11:10:00Z"",""eta"":""ARR"",""arrival"":{""estimated"":""2024-06-05T13:10:00Z"",""scheduled"":""2024-06-05T11:10:00Z""},""departure"":{""estimated"":""2024-06-05T13:10:02Z"",""scheduled"":""2024-06-05T11:10:02Z""},""diff"":""bad"",""diffMin"":120},{""station"":""Ponton"",""code"":""PNTN"",""estimated"":""2024-06-05T13:42:00Z"",""scheduled"":""2024-06-05T11:42:00Z"",""eta"":""ARR"",""arrival"":{""estimated"":""2024-06-05T13:42:00Z"",""scheduled"":""2024-06-05T11:42:00Z""},""departure"":{""estimated"":""2024-06-05T13:42:02Z"",""scheduled"":""2024-06-05T11:42:02Z""},""diff"":""bad"",""diffMin"":120},{""station"":""Pipun"",""code"":""PIPN"",""estimated"":""2024-06-05T14:25:00Z"",""scheduled"":""2024-06-05T12:25:00Z"",""eta"":""ARR"",""arrival"":{""estimated"":""2024-06-05T14:25:00Z"",""scheduled"":""2024-06-05T12:25:00Z""},""departure"":{""estimated"":""2024-06-05T14:25:02Z"",""scheduled"":""2024-06-05T12:25:02Z""},""diff"":""bad"",""diffMin"":120},{""station"":""Wabowden"",""code"":""WBDN"",""estimated"":""2024-06-05T14:48:00Z"",""scheduled"":""2024-06-05T12:48:00Z"",""eta"":""ARR"",""arrival"":{""estimated"":""2024-06-05T14:48:00Z"",""scheduled"":""2024-06-05T12:48:00Z""},""departure"":{""estimated"":""2024-06-05T14:48:02Z"",""scheduled"":""2024-06-05T12:48:02Z""},""diff"":""bad"",""diffMin"":120},{""station"":""Lyddal"",""code"":""LYDD"",""estimated"":""2024-06-05T15:49:01Z"",""scheduled"":""2024-06-05T13:16:00Z"",""eta"":""ARR"",""arrival"":{""estimated"":""2024-06-05T15:49:01Z"",""scheduled"":""2024-06-05T13:16:00Z""},""departure"":{""estimated"":""2024-06-05T15:49:01Z"",""scheduled"":""2024-06-05T13:16:02Z""},""diff"":""bad"",""diffMin"":153},{""station"":""Odhill"",""code"":""ODHI"",""estimated"":""2024-06-05T16:11:02Z"",""scheduled"":""2024-06-05T13:38:00Z"",""eta"":""ARR"",""arrival"":{""estimated"":""2024-06-05T16:11:02Z"",""scheduled"":""2024-06-05T13:38:00Z""},""departure"":{""estimated"":""2024-06-05T16:11:02Z"",""scheduled"":""2024-06-05T13:38:02Z""},""diff"":""bad"",""diffMin"":153},{""station"":""Hockin"",""code"":""HOCK"",""estimated"":""2024-06-05T17:05:30Z"",""scheduled"":""2024-06-05T14:22:00Z"",""eta"":""ARR"",""arrival"":{""estimated"":""2024-06-05T17:05:30Z"",""scheduled"":""2024-06-05T14:22:00Z""},""departure"":{""estimated"":""2024-06-05T17:05:30Z"",""scheduled"":""2024-06-05T14:22:02Z""},""diff"":""bad"",""diffMin"":163},{""station"":""Thicket Portage"",""code"":""THKP"",""estimated"":""2024-06-05T17:21:20Z"",""scheduled"":""2024-06-05T14:37:00Z"",""eta"":""ARR"",""arrival"":{""estimated"":""2024-06-05T17:21:20Z"",""scheduled"":""2024-06-05T14:37:00Z""},""departure"":{""estimated"":""2024-06-05T17:21:20Z"",""scheduled"":""2024-06-05T14:37:02Z""},""diff"":""bad"",""diffMin"":164},{""station"":""Leven"",""code"":""LEVN"",""estimated"":""2024-06-05T17:38:20Z"",""scheduled"":""2024-06-05T14:54:00Z"",""eta"":""ARR"",""arrival"":{""estimated"":""2024-06-05T17:38:20Z"",""scheduled"":""2024-06-05T14:54:00Z""},""departure"":{""estimated"":""2024-06-05T17:38:20Z"",""scheduled"":""2024-06-05T14:54:02Z""},""diff"":""bad"",""diffMin"":164},{""station"":""Thompson"",""code"":""THOM"",""estimated"":""2024-06-05T21:44:34Z"",""scheduled"":""2024-06-05T17:00:00Z"",""eta"":""ARR"",""arrival"":{""estimated"":""2024-06-05T21:44:34Z"",""scheduled"":""2024-06-05T17:00:00Z""},""departure"":{""estimated"":""2024-06-05T21:44:34Z"",""scheduled"":""2024-06-05T22:00:00Z""},""diff"":""bad"",""diffMin"":284},{""station"":""Sipiwesk"",""code"":""SIPI"",""estimated"":""2024-06-05T23:20:50Z"",""scheduled"":""2024-06-05T23:35:00Z"",""eta"":""ARR"",""arrival"":{""estimated"":""2024-06-05T23:20:50Z"",""scheduled"":""2024-06-05T23:35:00Z""},""departure"":{""estimated"":""2024-06-05T23:35:02Z"",""scheduled"":""2024-06-05T23:35:02Z""},""diff"":""goo"",""diffMin"":-14},{""station"":""Pikwitonei"",""code"":""PIKW"",""estimated"":""2024-06-06T00:02:00Z"",""scheduled"":""2024-06-06T00:02:00Z"",""eta"":""ARR"",""arrival"":{""estimated"":""2024-06-06T00:02:00Z"",""scheduled"":""2024-06-06T00:02:00Z""},""departure"":{""estimated"":""2024-06-06T00:02:02Z"",""scheduled"":""2024-06-06T00:02:02Z""},""diff"":""goo"",""diffMin"":0},{""station"":""Bridgar"",""code"":""BRGR"",""estimated"":""2024-06-06T00:13:00Z"",""scheduled"":""2024-06-06T00:13:00Z"",""eta"":""ARR"",""arrival"":{""estimated"":""2024-06-06T00:13:00Z"",""scheduled"":""2024-06-06T00:13:00Z""},""departure"":{""estimated"":""2024-06-06T00:13:02Z"",""scheduled"":""2024-06-06T00:13:02Z""},""diff"":""goo"",""diffMin"":0},{""station"":""Pit Siding"",""code"":""PITS"",""estimated"":""2024-06-06T01:35:00Z"",""scheduled"":""2024-06-06T01:35:00Z"",""eta"":""ARR"",""arrival"":{""estimated"":""2024-06-06T01:35:00Z"",""scheduled"":""2024-06-06T01:35:00Z""},""departure"":{""estimated"":""2024-06-06T01:35:02Z"",""scheduled"":""2024-06-06T01:35:02Z""},""diff"":""goo"",""diffMin"":0},{""station"":""Ilford"",""code"":""ILFO"",""estimated"":""2024-06-06T02:35:47Z"",""scheduled"":""2024-06-06T02:36:00Z"",""eta"":""ARR"",""arrival"":{""estimated"":""2024-06-06T02:35:47Z"",""scheduled"":""2024-06-06T02:36:00Z""},""departure"":{""estimated"":""2024-06-06T02:36:02Z"",""scheduled"":""2024-06-06T02:36:02Z""},""diff"":""goo"",""diffMin"":0},{""station"":""Wivenhoe"",""code"":""WVHO"",""estimated"":""2024-06-06T03:29:21Z"",""scheduled"":""2024-06-06T03:13:00Z"",""eta"":""ARR"",""arrival"":{""estimated"":""2024-06-06T03:29:21Z"",""scheduled"":""2024-06-06T03:13:00Z""},""departure"":{""estimated"":""2024-06-06T03:29:21Z"",""scheduled"":""2024-06-06T03:13:02Z""},""diff"":""bad"",""diffMin"":16},{""station"":""Gillam"",""code"":""GILL"",""estimated"":""2024-06-06T04:16:09Z"",""scheduled"":""2024-06-06T04:00:01Z"",""eta"":""ARR"",""arrival"":{""estimated"":""2024-06-06T04:16:09Z"",""scheduled"":""2024-06-06T04:00:01Z""},""departure"":{""estimated"":""2024-06-06T04:16:09Z"",""scheduled"":""2024-06-06T04:30:00Z""},""diff"":""bad"",""diffMin"":16},{""station"":""Bird"",""code"":""BIRD"",""estimated"":""2024-06-06T05:28:07Z"",""scheduled"":""2024-06-06T05:29:00Z"",""eta"":""ARR"",""arrival"":{""estimated"":""2024-06-06T05:28:07Z"",""scheduled"":""2024-06-06T05:29:00Z""},""departure"":{""estimated"":""2024-06-06T05:27:11Z"",""scheduled"":""2024-06-06T05:29:02Z""},""diff"":""goo"",""diffMin"":0},{""station"":""Amery"",""code"":""AMRY"",""estimated"":""2024-06-06T05:57:28Z"",""scheduled"":""2024-06-06T05:52:00Z"",""eta"":""ARR"",""arrival"":{""estimated"":""2024-06-06T05:57:28Z"",""scheduled"":""2024-06-06T05:52:00Z""},""departure"":{""estimated"":""2024-06-06T05:57:28Z"",""scheduled"":""2024-06-06T05:52:02Z""},""diff"":""med"",""diffMin"":5},{""station"":""Weir River"",""code"":""WEIR"",""estimated"":""2024-06-06T06:58:19Z"",""scheduled"":""2024-06-06T06:43:00Z"",""eta"":""ARR"",""arrival"":{""estimated"":""2024-06-06T06:58:19Z"",""scheduled"":""2024-06-06T06:43:00Z""},""departure"":{""estimated"":""2024-06-06T06:58:19Z"",""scheduled"":""2024-06-06T06:43:02Z""},""diff"":""bad"",""diffMin"":15},{""station"":""Thibaudeau"",""code"":""THIB"",""estimated"":""2024-06-06T07:46:21Z"",""scheduled"":""2024-06-06T08:00:00Z"",""eta"":""ARR"",""arrival"":{""estimated"":""2024-06-06T07:46:21Z"",""scheduled"":""2024-06-06T08:00:00Z""},""departure"":{""estimated"":""2024-06-06T08:00:02Z"",""scheduled"":""2024-06-06T08:00:02Z""},""diff"":""goo"",""diffMin"":-13},{""station"":""Herchmer"",""code"":""HERC"",""estimated"":""2024-06-06T09:26:00Z"",""scheduled"":""2024-06-06T09:26:00Z"",""eta"":""51 mins"",""arrival"":{""estimated"":""2024-06-06T09:26:00Z"",""scheduled"":""2024-06-06T09:26:00Z""},""departure"":{""estimated"":""2024-06-06T09:26:02Z"",""scheduled"":""2024-06-06T09:26:02Z""},""diff"":""goo"",""diffMin"":0},{""station"":""O'Day"",""code"":""ODAY"",""estimated"":""2024-06-06T10:05:00Z"",""scheduled"":""2024-06-06T10:05:00Z"",""eta"":""1h30"",""arrival"":{""estimated"":""2024-06-06T10:05:00Z"",""scheduled"":""2024-06-06T10:05:00Z""},""departure"":{""estimated"":""2024-06-06T10:05:02Z"",""scheduled"":""2024-06-06T10:05:02Z""},""diff"":""goo"",""diffMin"":0},{""station"":""M'Clintock"",""code"":""MCLI"",""estimated"":""2024-06-06T10:50:00Z"",""scheduled"":""2024-06-06T10:50:00Z"",""eta"":""2h15"",""arrival"":{""estimated"":""2024-06-06T10:50:00Z"",""scheduled"":""2024-06-06T10:50:00Z""},""departure"":{""estimated"":""2024-06-06T10:50:02Z"",""scheduled"":""2024-06-06T10:50:02Z""},""diff"":""goo"",""diffMin"":0},{""station"":""Chesnaye"",""code"":""CHES"",""estimated"":""2024-06-06T12:06:00Z"",""scheduled"":""2024-06-06T12:06:00Z"",""eta"":""3h31"",""arrival"":{""estimated"":""2024-06-06T12:06:00Z"",""scheduled"":""2024-06-06T12:06:00Z""},""departure"":{""estimated"":""2024-06-06T12:06:02Z"",""scheduled"":""2024-06-06T12:06:02Z""},""diff"":""goo"",""diffMin"":0},{""station"":""Tidal"",""code"":""TIDL"",""estimated"":""2024-06-06T13:37:00Z"",""scheduled"":""2024-06-06T13:37:00Z"",""eta"":""5h02"",""arrival"":{""estimated"":""2024-06-06T13:37:00Z"",""scheduled"":""2024-06-06T13:37:00Z""},""departure"":{""estimated"":""2024-06-06T13:37:02Z"",""scheduled"":""2024-06-06T13:37:02Z""},""diff"":""goo"",""diffMin"":0},{""station"":""Churchill"",""code"":""CHUR"",""estimated"":""2024-06-06T14:00:00Z"",""scheduled"":""2024-06-06T14:00:00Z"",""eta"":""5h25"",""arrival"":{""estimated"":""2024-06-06T14:00:00Z"",""scheduled"":""2024-06-06T14:00:00Z""},""diff"":""goo"",""diffMin"":0}]"
"690",,,,,,true,true,"CHURCHILL","THE PAS","2024-06-04",,"[{""station"":""Churchill"",""code"":""CHUR"",""estimated"":""2024-06-05T00:30:00Z"",""scheduled"":""2024-06-05T00:30:00Z"",""eta"":""ARR"",""departure"":{""estimated"":""2024-06-05T00:30:00Z"",""scheduled"":""2024-06-05T00:30:00Z""},""diff"":""goo"",""diffMin"":0},{""station"":""Tidal"",""code"":""TIDL"",""estimated"":""2024-06-05T01:04:06Z"",""scheduled"":""2024-06-05T00:52:00Z"",""eta"":""ARR"",""arrival"":{""estimated"":""2024-06-05T01:04:06Z"",""scheduled"":""2024-06-05T00:52:00Z""},""departure"":{""estimated"":""2024-06-05T01:04:06Z"",""scheduled"":""2024-06-05T00:52:02Z""},""diff"":""med"",""diffMin"":12},{""station"":""Chesnaye"",""code"":""CHES"",""estimated"":""2024-06-05T02:47:01Z"",""scheduled"":""2024-06-05T02:52:00Z"",""eta"":""ARR"",""arrival"":{""estimated"":""2024-06-05T02:47:01Z"",""scheduled"":""2024-06-05T02:52:00Z""},""departure"":{""estimated"":""2024-06-05T02:52:02Z"",""scheduled"":""2024-06-05T02:52:02Z""},""diff"":""goo"",""diffMin"":-4},{""station"":""M'Clintock"",""code"":""MCLI"",""estimated"":""2024-06-05T04:06:21Z"",""scheduled"":""2024-06-05T03:39:00Z"",""eta"":""ARR"",""arrival"":{""estimated"":""2024-06-05T04:06:21Z"",""scheduled"":""2024-06-05T03:39:00Z""},""departure"":{""estimated"":""2024-06-05T04:06:21Z"",""scheduled"":""2024-06-05T03:39:02Z""},""diff"":""bad"",""diffMin"":27},{""station"":""O'Day"",""code"":""ODAY"",""estimated"":""2024-06-05T05:00:28Z"",""scheduled"":""2024-06-05T04:24:00Z"",""eta"":""ARR"",""arrival"":{""estimated"":""2024-06-05T05:00:28Z"",""scheduled"":""2024-06-05T04:24:00Z""},""departure"":{""estimated"":""2024-06-05T05:00:28Z"",""scheduled"":""2024-06-05T04:24:02Z""},""diff"":""bad"",""diffMin"":36},{""station"":""Herchmer"",""code"":""HERC"",""estimated"":""2024-06-05T05:38:11Z"",""scheduled"":""2024-06-05T05:03:00Z"",""eta"":""ARR"",""arrival"":{""estimated"":""2024-06-05T05:38:11Z"",""scheduled"":""2024-06-05T05:03:00Z""},""departure"":{""estimated"":""2024-06-05T05:38:11Z"",""scheduled"":""2024-06-05T05:03:02Z""},""diff"":""bad"",""diffMin"":35},{""station"":""Thibaudeau"",""code"":""THIB"",""estimated"":""2024-06-05T07:06:07Z"",""scheduled"":""2024-06-05T06:29:00Z"",""eta"":""ARR"",""arrival"":{""estimated"":""2024-06-05T07:06:07Z"",""scheduled"":""2024-06-05T06:29:00Z""},""departure"":{""estimated"":""2024-06-05T07:06:07Z"",""scheduled"":""2024-06-05T06:29:02Z""},""diff"":""bad"",""diffMin"":37},{""station"":""Weir River"",""code"":""WEIR"",""estimated"":""2024-06-05T07:53:49Z"",""scheduled"":""2024-06-05T07:46:00Z"",""eta"":""ARR"",""arrival"":{""estimated"":""2024-06-05T07:53:49Z"",""scheduled"":""2024-06-05T07:46:00Z""},""departure"":{""estimated"":""2024-06-05T07:53:49Z"",""scheduled"":""2024-06-05T07:46:02Z""},""diff"":""med"",""diffMin"":7},{""station"":""Amery"",""code"":""AMRY"",""estimated"":""2024-06-05T08:31:49Z"",""scheduled"":""2024-06-05T08:37:00Z"",""eta"":""ARR"",""arrival"":{""estimated"":""2024-06-05T08:31:49Z"",""scheduled"":""2024-06-05T08:37:00Z""},""departure"":{""estimated"":""2024-06-05T08:30:48Z"",""scheduled"":""2024-06-05T08:37:02Z""},""diff"":""goo"",""diffMin"":-5},{""station"":""Bird"",""code"":""BIRD"",""estimated"":""2024-06-05T09:06:13Z"",""scheduled"":""2024-06-05T09:00:00Z"",""eta"":""ARR"",""arrival"":{""estimated"":""2024-06-05T09:06:13Z"",""scheduled"":""2024-06-05T09:00:00Z""},""departure"":{""estimated"":""2024-06-05T09:06:13Z"",""scheduled"":""2024-06-05T09:00:02Z""},""diff"":""med"",""diffMin"":6},{""station"":""Gillam"",""code"":""GILL"",""estimated"":""2024-06-05T09:52:13Z"",""scheduled"":""2024-06-05T10:00:00Z"",""eta"":""ARR"",""arrival"":{""estimated"":""2024-06-05T09:52:13Z"",""scheduled"":""2024-06-05T10:00:00Z""},""departure"":{""estimated"":""2024-06-05T10:29:30Z"",""scheduled"":""2024-06-05T10:30:00Z""},""diff"":""goo"",""diffMin"":-7},{""station"":""Wivenhoe"",""code"":""WVHO"",""estimated"":""2024-06-05T11:18:25Z"",""scheduled"":""2024-06-05T11:16:00Z"",""eta"":""ARR"",""arrival"":{""estimated"":""2024-06-05T11:18:25Z"",""scheduled"":""2024-06-05T11:16:00Z""},""departure"":{""estimated"":""2024-06-05T11:18:25Z"",""scheduled"":""2024-06-05T11:16:02Z""},""diff"":""goo"",""diffMin"":2},{""station"":""Ilford"",""code"":""ILFO"",""estimated"":""2024-06-05T12:05:10Z"",""scheduled"":""2024-06-05T11:53:00Z"",""eta"":""ARR"",""arrival"":{""estimated"":""2024-06-05T12:05:10Z"",""scheduled"":""2024-06-05T11:53:00Z""},""departure"":{""estimated"":""2024-06-05T12:05:10Z"",""scheduled"":""2024-06-05T11:53:02Z""},""diff"":""med"",""diffMin"":12},{""station"":""Pit Siding"",""code"":""PITS"",""estimated"":""2024-06-05T13:18:54Z"",""scheduled"":""2024-06-05T12:54:00Z"",""eta"":""ARR"",""arrival"":{""estimated"":""2024-06-05T13:18:54Z"",""scheduled"":""2024-06-05T12:54:00Z""},""departure"":{""estimated"":""2024-06-05T13:18:54Z"",""scheduled"":""2024-06-05T12:54:02Z""},""diff"":""bad"",""diffMin"":24},{""station"":""Bridgar"",""code"":""BRGR"",""estimated"":""2024-06-05T14:46:06Z"",""scheduled"":""2024-06-05T14:16:00Z"",""eta"":""ARR"",""arrival"":{""estimated"":""2024-06-05T14:46:06Z"",""scheduled"":""2024-06-05T14:16:00Z""},""departure"":{""estimated"":""2024-06-05T14:46:06Z"",""scheduled"":""2024-06-05T14:16:02Z""},""diff"":""bad"",""diffMin"":30},{""station"":""Pikwitonei"",""code"":""PIKW"",""estimated"":""2024-06-05T14:55:01Z"",""scheduled"":""2024-06-05T14:27:00Z"",""eta"":""ARR"",""arrival"":{""estimated"":""2024-06-05T14:55:01Z"",""scheduled"":""2024-06-05T14:27:00Z""},""departure"":{""estimated"":""2024-06-05T14:55:01Z"",""scheduled"":""2024-06-05T14:27:02Z""},""diff"":""bad"",""diffMin"":28},{""station"":""Sipiwesk"",""code"":""SIPI"",""estimated"":""2024-06-05T15:32:24Z"",""scheduled"":""2024-06-05T14:54:00Z"",""eta"":""ARR"",""arrival"":{""estimated"":""2024-06-05T15:32:24Z"",""scheduled"":""2024-06-05T14:54:00Z""},""departure"":{""estimated"":""2024-06-05T15:32:24Z"",""scheduled"":""2024-06-05T14:54:02Z""},""diff"":""bad"",""diffMin"":38},{""station"":""Thompson"",""code"":""THOM"",""estimated"":""2024-06-05T18:23:56Z"",""scheduled"":""2024-06-05T16:30:00Z"",""eta"":""ARR"",""arrival"":{""estimated"":""2024-06-05T18:23:56Z"",""scheduled"":""2024-06-05T16:30:00Z""},""departure"":{""estimated"":""2024-06-05T19:00:00Z"",""scheduled"":""2024-06-05T19:00:00Z""},""diff"":""bad"",""diffMin"":113},{""station"":""Leven"",""code"":""LEVN"",""estimated"":""2024-06-05T20:52:53Z"",""scheduled"":""2024-06-05T21:05:00Z"",""eta"":""ARR"",""arrival"":{""estimated"":""2024-06-05T20:52:53Z"",""scheduled"":""2024-06-05T21:05:00Z""},""departure"":{""estimated"":""2024-06-05T21:05:02Z"",""scheduled"":""2024-06-05T21:05:02Z""},""diff"":""goo"",""diffMin"":-12},{""station"":""Thicket Portage"",""code"":""THKP"",""estimated"":""2024-06-05T21:06:43Z"",""scheduled"":""2024-06-05T21:22:00Z"",""eta"":""ARR"",""arrival"":{""estimated"":""2024-06-05T21:06:43Z"",""scheduled"":""2024-06-05T21:22:00Z""},""departure"":{""estimated"":""2024-06-05T21:22:02Z"",""scheduled"":""2024-06-05T21:22:02Z""},""diff"":""goo"",""diffMin"":-15},{""station"":""Hockin"",""code"":""HOCK"",""estimated"":""2024-06-05T21:33:35Z"",""scheduled"":""2024-06-05T21:37:00Z"",""eta"":""ARR"",""arrival"":{""estimated"":""2024-06-05T21:33:35Z"",""scheduled"":""2024-06-05T21:37:00Z""},""departure"":{""estimated"":""2024-06-05T21:37:02Z"",""scheduled"":""2024-06-05T21:37:02Z""},""diff"":""goo"",""diffMin"":-3},{""station"":""Odhill"",""code"":""ODHI"",""estimated"":""2024-06-05T22:32:23Z"",""scheduled"":""2024-06-05T22:21:00Z"",""eta"":""ARR"",""arrival"":{""estimated"":""2024-06-05T22:32:23Z"",""scheduled"":""2024-06-05T22:21:00Z""},""departure"":{""estimated"":""2024-06-05T22:32:23Z"",""scheduled"":""2024-06-05T22:21:02Z""},""diff"":""med"",""diffMin"":11},{""station"":""Lyddal"",""code"":""LYDD"",""estimated"":""2024-06-05T22:55:18Z"",""scheduled"":""2024-06-05T22:43:00Z"",""eta"":""ARR"",""arrival"":{""estimated"":""2024-06-05T22:55:18Z"",""scheduled"":""2024-06-05T22:43:00Z""},""departure"":{""estimated"":""2024-06-05T22:55:18Z"",""scheduled"":""2024-06-05T22:43:02Z""},""diff"":""med"",""diffMin"":12},{""station"":""Wabowden"",""code"":""WBDN"",""estimated"":""2024-06-05T23:24:42Z"",""scheduled"":""2024-06-05T23:11:00Z"",""eta"":""ARR"",""arrival"":{""estimated"":""2024-06-05T23:24:42Z"",""scheduled"":""2024-06-05T23:11:00Z""},""departure"":{""estimated"":""2024-06-05T23:24:42Z"",""scheduled"":""2024-06-05T23:11:02Z""},""diff"":""med"",""diffMin"":13},{""station"":""Pipun"",""code"":""PIPN"",""estimated"":""2024-06-05T23:44:47Z"",""scheduled"":""2024-06-05T23:34:00Z"",""eta"":""ARR"",""arrival"":{""estimated"":""2024-06-05T23:44:47Z"",""scheduled"":""2024-06-05T23:34:00Z""},""departure"":{""estimated"":""2024-06-05T23:44:47Z"",""scheduled"":""2024-06-05T23:34:02Z""},""diff"":""med"",""diffMin"":10},{""station"":""Ponton"",""code"":""PNTN"",""estimated"":""2024-06-06T00:30:13Z"",""scheduled"":""2024-06-06T00:17:00Z"",""eta"":""ARR"",""arrival"":{""estimated"":""2024-06-06T00:30:13Z"",""scheduled"":""2024-06-06T00:17:00Z""},""departure"":{""estimated"":""2024-06-06T00:30:13Z"",""scheduled"":""2024-06-06T00:17:02Z""},""diff"":""med"",""diffMin"":13},{""station"":""Turnbull"",""code"":""TURN"",""estimated"":""2024-06-06T01:08:46Z"",""scheduled"":""2024-06-06T00:49:00Z"",""eta"":""ARR"",""arrival"":{""estimated"":""2024-06-06T01:08:46Z"",""scheduled"":""2024-06-06T00:49:00Z""},""departure"":{""estimated"":""2024-06-06T01:08:46Z"",""scheduled"":""2024-06-06T00:49:02Z""},""diff"":""bad"",""diffMin"":19},{""station"":""Wekusko"",""code"":""WEKU"",""estimated"":""2024-06-06T01:33:34Z"",""scheduled"":""2024-06-06T01:16:00Z"",""eta"":""ARR"",""arrival"":{""estimated"":""2024-06-06T01:33:34Z"",""scheduled"":""2024-06-06T01:16:00Z""},""departure"":{""estimated"":""2024-06-06T01:33:34Z"",""scheduled"":""2024-06-06T01:16:02Z""},""diff"":""bad"",""diffMin"":17},{""station"":""Dyce"",""code"":""DYCE"",""estimated"":""2024-06-06T02:15:02Z"",""scheduled"":""2024-06-06T02:00:00Z"",""eta"":""ARR"",""arrival"":{""estimated"":""2024-06-06T02:15:02Z"",""scheduled"":""2024-06-06T02:00:00Z""},""departure"":{""estimated"":""2024-06-06T02:15:02Z"",""scheduled"":""2024-06-06T02:00:02Z""},""diff"":""bad"",""diffMin"":15},{""station"":""Dering"",""code"":""DERI"",""estimated"":""2024-06-06T02:47:27Z"",""scheduled"":""2024-06-06T02:39:00Z"",""eta"":""ARR"",""arrival"":{""estimated"":""2024-06-06T02:47:27Z"",""scheduled"":""2024-06-06T02:39:00Z""},""departure"":{""estimated"":""2024-06-06T02:47:27Z"",""scheduled"":""2024-06-06T02:39:02Z""},""diff"":""med"",""diffMin"":8},{""station"":""Cormorant"",""code"":""CORM"",""estimated"":""2024-06-06T02:55:27Z"",""scheduled"":""2024-06-06T02:47:00Z"",""eta"":""ARR"",""arrival"":{""estimated"":""2024-06-06T02:55:27Z"",""scheduled"":""2024-06-06T02:47:00Z""},""departure"":{""estimated"":""2024-06-06T02:55:27Z"",""scheduled"":""2024-06-06T02:47:02Z""},""diff"":""med"",""diffMin"":8},{""station"":""Halcrow"",""code"":""HALC"",""estimated"":""2024-06-06T03:04:07Z"",""scheduled"":""2024-06-06T02:58:00Z"",""eta"":""ARR"",""arrival"":{""estimated"":""2024-06-06T03:04:07Z"",""scheduled"":""2024-06-06T02:58:00Z""},""departure"":{""estimated"":""2024-06-06T03:04:07Z"",""scheduled"":""2024-06-06T02:58:02Z""},""diff"":""med"",""diffMin"":6},{""station"":""Orok"",""code"":""OROK"",""estimated"":""2024-06-06T03:55:10Z"",""scheduled"":""2024-06-06T03:52:00Z"",""eta"":""ARR"",""arrival"":{""estimated"":""2024-06-06T03:55:10Z"",""scheduled"":""2024-06-06T03:52:00Z""},""departure"":{""estimated"":""2024-06-06T03:55:10Z"",""scheduled"":""2024-06-06T03:52:02Z""},""diff"":""goo"",""diffMin"":3},{""station"":""The Pas"",""code"":""TPAS"",""estimated"":""2024-06-06T04:29:37Z"",""scheduled"":""2024-06-06T04:30:00Z"",""eta"":""ARR"",""arrival"":{""estimated"":""2024-06-06T04:29:37Z"",""scheduled"":""2024-06-06T04:30:00Z""},""diff"":""goo"",""diffMin"":0}]"
"15",48.4262,-68.5992,0,,"2024-06-06T08:34:09Z",true,false,"HALIFAX","MONTRÉAL","2024-06-05",0,"[{""station"":""Halifax"",""code"":""HLFX"",""estimated"":""2024-06-05T16:00:00Z"",""scheduled"":""2024-06-05T16:00:00Z"",""eta"":""ARR"",""departure"":{""estimated"":""2024-06-05T16:00:00Z"",""scheduled"":""2024-06-05T16:00:00Z""},""diff"":""goo"",""diffMin"":0},{""station"":""Truro"",""code"":""TRUR"",""estimated"":""2024-06-05T17:23:57Z"",""scheduled"":""2024-06-05T17:26:00Z"",""eta"":""ARR"",""arrival"":{""estimated"":""2024-06-05T17:23:57Z"",""scheduled"":""2024-06-05T17:26:00Z""},""departure"":{""estimated"":""2024-06-05T17:29:19Z"",""scheduled"":""2024-06-05T17:31:00Z""},""diff"":""goo"",""diffMin"":-2},{""station"":""Springhill Jct"",""code"":""SPRJ"",""estimated"":""2024-06-05T18:39:28Z"",""scheduled"":""2024-06-05T18:42:00Z"",""eta"":""ARR"",""arrival"":{""estimated"":""2024-06-05T18:39:28Z"",""scheduled"":""2024-06-05T18:42:00Z""},""departure"":{""estimated"":""2024-06-05T18:42:29Z"",""scheduled"":""2024-06-05T18:43:01Z""},""diff"":""goo"",""diffMin"":-2},{""station"":""Amherst"",""code"":""AMHS"",""estimated"":""2024-06-05T19:36:20Z"",""scheduled"":""2024-06-05T19:05:00Z"",""eta"":""ARR"",""arrival"":{""estimated"":""2024-06-05T19:36:20Z"",""scheduled"":""2024-06-05T19:05:00Z""},""departure"":{""estimated"":""2024-06-05T19:36:20Z"",""scheduled"":""2024-06-05T19:08:00Z""},""diff"":""bad"",""diffMin"":31},{""station"":""Sackville"",""code"":""SACK"",""estimated"":""2024-06-05T19:53:46Z"",""scheduled"":""2024-06-05T19:22:00Z"",""eta"":""ARR"",""arrival"":{""estimated"":""2024-06-05T19:53:46Z"",""scheduled"":""2024-06-05T19:22:00Z""},""departure"":{""estimated"":""2024-06-05T19:53:46Z"",""scheduled"":""2024-06-05T19:25:00Z""},""diff"":""bad"",""diffMin"":31},{""station"":""Moncton"",""code"":""MCTN"",""estimated"":""2024-06-05T20:58:24Z"",""scheduled"":""2024-06-05T20:17:00Z"",""eta"":""ARR"",""arrival"":{""estimated"":""2024-06-05T20:58:24Z"",""scheduled"":""2024-06-05T20:17:00Z""},""departure"":{""estimated"":""2024-06-05T20:58:24Z"",""scheduled"":""2024-06-05T20:22:00Z""},""diff"":""bad"",""diffMin"":41},{""station"":""Rogersville"",""code"":""RGRV"",""estimated"":""2024-06-05T22:37:36Z"",""scheduled"":""2024-06-05T21:31:00Z"",""eta"":""ARR"",""arrival"":{""estimated"":""2024-06-05T22:37:36Z"",""scheduled"":""2024-06-05T21:31:00Z""},""departure"":{""estimated"":""2024-06-05T22:37:36Z"",""scheduled"":""2024-06-05T21:33:00Z""},""diff"":""bad"",""diffMin"":66},{""station"":""Miramichi"",""code"":""MIRA"",""estimated"":""2024-06-05T23:29:29Z"",""scheduled"":""2024-06-05T22:22:00Z"",""eta"":""ARR"",""arrival"":{""estimated"":""2024-06-05T23:29:29Z"",""scheduled"":""2024-06-05T22:22:00Z""},""departure"":{""estimated"":""2024-06-05T23:29:29Z"",""scheduled"":""2024-06-05T22:27:00Z""},""diff"":""bad"",""diffMin"":67},{""station"":""Bathurst"",""code"":""BTRS"",""estimated"":""2024-06-06T01:07:30Z"",""scheduled"":""2024-06-06T00:18:00Z"",""eta"":""ARR"",""arrival"":{""estimated"":""2024-06-06T01:07:30Z"",""scheduled"":""2024-06-06T00:18:00Z""},""departure"":{""estimated"":""2024-06-06T01:07:30Z"",""scheduled"":""2024-06-06T00:28:00Z""},""diff"":""bad"",""diffMin"":49},{""station"":""Petit Rocher"",""code"":""PROC"",""estimated"":""2024-06-06T01:30:25Z"",""scheduled"":""2024-06-06T00:47:00Z"",""eta"":""ARR"",""arrival"":{""estimated"":""2024-06-06T01:30:25Z"",""scheduled"":""2024-06-06T00:47:00Z""},""departure"":{""estimated"":""2024-06-06T01:30:25Z"",""scheduled"":""2024-06-06T00:49:00Z""},""diff"":""bad"",""diffMin"":43},{""station"":""Jacquet River"",""code"":""JACR"",""estimated"":""2024-06-06T02:08:21Z"",""scheduled"":""2024-06-06T01:10:02Z"",""eta"":""ARR"",""arrival"":{""estimated"":""2024-06-06T02:08:21Z"",""scheduled"":""2024-06-06T01:10:02Z""},""departure"":{""estimated"":""2024-06-06T02:08:21Z"",""scheduled"":""2024-06-06T01:12:00Z""},""diff"":""bad"",""diffMin"":58},{""station"":""Charlo"",""code"":""CHLO"",""estimated"":""2024-06-06T02:55:06Z"",""scheduled"":""2024-06-06T01:34:00Z"",""eta"":""ARR"",""arrival"":{""estimated"":""2024-06-06T02:55:06Z"",""scheduled"":""2024-06-06T01:34:00Z""},""departure"":{""estimated"":""2024-06-06T02:55:06Z"",""scheduled"":""2024-06-06T01:36:00Z""},""diff"":""bad"",""diffMin"":81},{""station"":""Campbellton"",""code"":""CBTN"",""estimated"":""2024-06-06T03:51:36Z"",""scheduled"":""2024-06-06T02:08:00Z"",""eta"":""ARR"",""arrival"":{""estimated"":""2024-06-06T03:51:36Z"",""scheduled"":""2024-06-06T02:08:00Z""},""departure"":{""estimated"":""2024-06-06T03:51:36Z"",""scheduled"":""2024-06-06T02:18:00Z""},""diff"":""bad"",""diffMin"":103},{""station"":""Matapedia"",""code"":""MTPD"",""estimated"":""2024-06-06T04:52:10Z"",""scheduled"":""2024-06-06T02:50:00Z"",""eta"":""ARR"",""arrival"":{""estimated"":""2024-06-06T04:52:10Z"",""scheduled"":""2024-06-06T02:50:00Z""},""departure"":{""estimated"":""2024-06-06T04:52:10Z"",""scheduled"":""2024-06-06T02:52:00Z""},""diff"":""bad"",""diffMin"":122},{""station"":""Causapscal"",""code"":""CAUS"",""estimated"":""2024-06-06T05:47:26Z"",""scheduled"":""2024-06-06T03:39:00Z"",""eta"":""ARR"",""arrival"":{""estimated"":""2024-06-06T05:47:26Z"",""scheduled"":""2024-06-06T03:39:00Z""},""departure"":{""estimated"":""2024-06-06T05:47:26Z"",""scheduled"":""2024-06-06T03:40:00Z""},""diff"":""bad"",""diffMin"":128},{""station"":""Amqui"",""code"":""AMQU"",""estimated"":""2024-06-06T06:04:43Z"",""scheduled"":""2024-06-06T03:59:00Z"",""eta"":""ARR"",""arrival"":{""estimated"":""2024-06-06T06:04:43Z"",""scheduled"":""2024-06-06T03:59:00Z""},""departure"":{""estimated"":""2024-06-06T06:04:43Z"",""scheduled"":""2024-06-06T04:02:00Z""},""diff"":""bad"",""diffMin"":125},{""station"":""Sayabec"",""code"":""SAYA"",""estimated"":""2024-06-06T06:33:02Z"",""scheduled"":""2024-06-06T04:21:00Z"",""eta"":""ARR"",""arrival"":{""estimated"":""2024-06-06T06:33:02Z"",""scheduled"":""2024-06-06T04:21:00Z""},""departure"":{""estimated"":""2024-06-06T06:33:02Z"",""scheduled"":""2024-06-06T04:22:00Z""},""diff"":""bad"",""diffMin"":132},{""station"":""Mont-Joli"",""code"":""MJLI"",""estimated"":""2024-06-06T07:42:38Z"",""scheduled"":""2024-06-06T05:21:00Z"",""eta"":""ARR"",""arrival"":{""estimated"":""2024-06-06T07:42:38Z"",""scheduled"":""2024-06-06T05:21:00Z""},""departure"":{""estimated"":""2024-06-06T07:42:38Z"",""scheduled"":""2024-06-06T05:26:00Z""},""diff"":""bad"",""diffMin"":141},{""station"":""Rimouski"",""code"":""RMSK"",""estimated"":""2024-06-06T08:18:11Z"",""scheduled"":""2024-06-06T05:54:00Z"",""eta"":""ARR"",""arrival"":{""estimated"":""2024-06-06T08:18:11Z"",""scheduled"":""2024-06-06T05:54:00Z""},""departure"":{""estimated"":""2024-06-06T08:18:11Z"",""scheduled"":""2024-06-06T06:01:00Z""},""diff"":""bad"",""diffMin"":144},{""station"":""Trois Pistoles"",""code"":""TPIS"",""estimated"":""2024-06-06T09:27:50Z"",""scheduled"":""2024-06-06T07:01:00Z"",""eta"":""53 mins"",""arrival"":{""estimated"":""2024-06-06T09:27:50Z"",""scheduled"":""2024-06-06T07:01:00Z""},""departure"":{""estimated"":""2024-06-06T09:27:50Z"",""scheduled"":""2024-06-06T07:04:00Z""},""diff"":""bad"",""diffMin"":146},{""station"":""Rivière-Du-Loup"",""code"":""RDLX"",""estimated"":""2024-06-06T10:14:50Z"",""scheduled"":""2024-06-06T07:48:00Z"",""eta"":""1h40"",""arrival"":{""estimated"":""2024-06-06T10:14:50Z"",""scheduled"":""2024-06-06T07:48:00Z""},""departure"":{""estimated"":""2024-06-06T10:14:50Z"",""scheduled"":""2024-06-06T07:53:00Z""},""diff"":""bad"",""diffMin"":146},{""station"":""La Pocatière"",""code"":""LPOC"",""estimated"":""2024-06-06T11:01:50Z"",""scheduled"":""2024-06-06T08:35:00Z"",""eta"":""2h27"",""arrival"":{""estimated"":""2024-06-06T11:01:50Z"",""scheduled"":""2024-06-06T08:35:00Z""},""departure"":{""estimated"":""2024-06-06T11:01:50Z"",""scheduled"":""2024-06-06T08:36:00Z""},""diff"":""bad"",""diffMin"":146},{""station"":""Montmagny"",""code"":""MMGY"",""estimated"":""2024-06-06T11:36:50Z"",""scheduled"":""2024-06-06T09:10:00Z"",""eta"":""3h02"",""arrival"":{""estimated"":""2024-06-06T11:36:50Z"",""scheduled"":""2024-06-06T09:10:00Z""},""departure"":{""estimated"":""2024-06-06T11:36:50Z"",""scheduled"":""2024-06-06T09:10:02Z""},""diff"":""bad"",""diffMin"":146},{""station"":""Ste-Foy"",""code"":""SFOY"",""estimated"":""2024-06-06T12:39:50Z"",""scheduled"":""2024-06-06T10:13:00Z"",""eta"":""4h05"",""arrival"":{""estimated"":""2024-06-06T12:39:50Z"",""scheduled"":""2024-06-06T10:13:00Z""},""departure"":{""estimated"":""2024-06-06T12:39:50Z"",""scheduled"":""2024-06-06T10:28:00Z""},""diff"":""bad"",""diffMin"":146},{""station"":""Drummondville"",""code"":""DRMV"",""estimated"":""2024-06-06T13:52:00Z"",""scheduled"":""2024-06-06T12:20:00Z"",""eta"":""5h17"",""arrival"":{""estimated"":""2024-06-06T13:52:00Z"",""scheduled"":""2024-06-06T12:20:00Z""},""departure"":{""estimated"":""2024-06-06T13:58:00Z"",""scheduled"":""2024-06-06T12:26:00Z""},""diff"":""bad"",""diffMin"":92},{""station"":""St. Hyacinthe"",""code"":""SHYA"",""estimated"":""2024-06-06T14:32:00Z"",""scheduled"":""2024-06-06T13:00:00Z"",""eta"":""5h57"",""arrival"":{""estimated"":""2024-06-06T14:32:00Z"",""scheduled"":""2024-06-06T13:00:00Z""},""departure"":{""estimated"":""2024-06-06T14:37:00Z"",""scheduled"":""2024-06-06T13:05:00Z""},""diff"":""bad"",""diffMin"":92},{""station"":""St. Lambert"",""code"":""SLAM"",""estimated"":""2024-06-06T15:06:00Z"",""scheduled"":""2024-06-06T13:34:00Z"",""eta"":""6h31"",""arrival"":{""estimated"":""2024-06-06T15:06:00Z"",""scheduled"":""2024-06-06T13:34:00Z""},""departure"":{""estimated"":""2024-06-06T15:12:00Z"",""scheduled"":""2024-06-06T13:40:00Z""},""diff"":""bad"",""diffMin"":92},{""station"":""Montréal"",""code"":""MTRL"",""estimated"":""2024-06-06T15:25:00Z"",""scheduled"":""2024-06-06T13:53:00Z"",""eta"":""6h50"",""arrival"":{""estimated"":""2024-06-06T15:25:00Z"",""scheduled"":""2024-06-06T13:53:00Z""},""diff"":""bad"",""diffMin"":92}]"
"6",53.9243,-122.7629,0,116.62,"2024-06-06T08:32:43Z",true,false,"PRINCE RUPERT","JASPER","2024-06-05",1,"[{""station"":""Prince Rupert"",""code"":""PRUP"",""estimated"":""2024-06-05T15:00:00Z"",""scheduled"":""2024-06-05T15:00:00Z"",""eta"":""ARR"",""departure"":{""estimated"":""2024-06-05T15:00:00Z"",""scheduled"":""2024-06-05T15:00:00Z""},""diff"":""goo"",""diffMin"":0},{""station"":""Cassiar Cannery"",""code"":""CASS"",""estimated"":""2024-06-05T15:33:49Z"",""scheduled"":""2024-06-05T15:20:00Z"",""eta"":""ARR"",""arrival"":{""estimated"":""2024-06-05T15:33:49Z"",""scheduled"":""2024-06-05T15:20:00Z""},""departure"":{""estimated"":""2024-06-05T15:33:49Z"",""scheduled"":""2024-06-05T15:20:02Z""},""diff"":""med"",""diffMin"":13},{""station"":""Kwinitsa"",""code"":""KWIN"",""estimated"":""2024-06-05T16:12:52Z"",""scheduled"":""2024-06-05T16:17:00Z"",""eta"":""ARR"",""arrival"":{""estimated"":""2024-06-05T16:12:52Z"",""scheduled"":""2024-06-05T16:17:00Z""},""departure"":{""estimated"":""2024-06-05T16:12:21Z"",""scheduled"":""2024-06-05T16:17:02Z""},""diff"":""goo"",""diffMin"":-4},{""station"":""Terrace"",""code"":""TRRC"",""estimated"":""2024-06-05T17:10:25Z"",""scheduled"":""2024-06-05T17:20:00Z"",""eta"":""ARR"",""arrival"":{""estimated"":""2024-06-05T17:10:25Z"",""scheduled"":""2024-06-05T17:20:00Z""},""departure"":{""estimated"":""2024-06-05T17:24:40Z"",""scheduled"":""2024-06-05T17:25:00Z""},""diff"":""goo"",""diffMin"":-9},{""station"":""Usk"",""code"":""USKX"",""estimated"":""2024-06-05T17:43:21Z"",""scheduled"":""2024-06-05T17:48:00Z"",""eta"":""ARR"",""arrival"":{""estimated"":""2024-06-05T17:43:21Z"",""scheduled"":""2024-06-05T17:48:00Z""},""departure"":{""estimated"":""2024-06-05T17:42:40Z"",""scheduled"":""2024-06-05T17:48:02Z""},""diff"":""goo"",""diffMin"":-4},{""station"":""Pacific"",""code"":""PACI"",""estimated"":""2024-06-05T17:58:53Z"",""scheduled"":""2024-06-05T18:07:00Z"",""eta"":""ARR"",""arrival"":{""estimated"":""2024-06-05T17:58:53Z"",""scheduled"":""2024-06-05T18:07:00Z""},""departure"":{""estimated"":""2024-06-05T17:57:40Z"",""scheduled"":""2024-06-05T18:07:02Z""},""diff"":""goo"",""diffMin"":-8},{""station"":""Dorreen"",""code"":""DORR"",""estimated"":""2024-06-05T18:07:15Z"",""scheduled"":""2024-06-05T18:19:00Z"",""eta"":""ARR"",""arrival"":{""estimated"":""2024-06-05T18:07:15Z"",""scheduled"":""2024-06-05T18:19:00Z""},""departure"":{""estimated"":""2024-06-05T18:06:20Z"",""scheduled"":""2024-06-05T18:19:02Z""},""diff"":""goo"",""diffMin"":-11},{""station"":""Cedarvale"",""code"":""CEDA"",""estimated"":""2024-06-05T18:29:43Z"",""scheduled"":""2024-06-05T18:44:00Z"",""eta"":""ARR"",""arrival"":{""estimated"":""2024-06-05T18:29:43Z"",""scheduled"":""2024-06-05T18:44:00Z""},""departure"":{""estimated"":""2024-06-05T18:28:51Z"",""scheduled"":""2024-06-05T18:44:02Z""},""diff"":""goo"",""diffMin"":-14},{""station"":""Kitwanga"",""code"":""KITW"",""estimated"":""2024-06-05T19:06:29Z"",""scheduled"":""2024-06-05T19:08:00Z"",""eta"":""ARR"",""arrival"":{""estimated"":""2024-06-05T19:06:29Z"",""scheduled"":""2024-06-05T19:08:00Z""},""departure"":{""estimated"":""2024-06-05T19:05:35Z"",""scheduled"":""2024-06-05T19:08:02Z""},""diff"":""goo"",""diffMin"":-1},{""station"":""New Hazelton"",""code"":""NHAZ"",""estimated"":""2024-06-05T19:47:45Z"",""scheduled"":""2024-06-05T19:30:00Z"",""eta"":""ARR"",""arrival"":{""estimated"":""2024-06-05T19:47:45Z"",""scheduled"":""2024-06-05T19:30:00Z""},""departure"":{""estimated"":""2024-06-05T19:47:45Z"",""scheduled"":""2024-06-05T19:30:02Z""},""diff"":""bad"",""diffMin"":17},{""station"":""Smithers"",""code"":""SMTR"",""estimated"":""2024-06-05T22:09:12Z"",""scheduled"":""2024-06-05T21:14:00Z"",""eta"":""ARR"",""arrival"":{""estimated"":""2024-06-05T22:09:12Z"",""scheduled"":""2024-06-05T21:14:00Z""},""departure"":{""estimated"":""2024-06-05T22:09:12Z"",""scheduled"":""2024-06-05T21:24:00Z""},""diff"":""bad"",""diffMin"":55},{""station"":""Telkwa"",""code"":""TELK"",""estimated"":""2024-06-05T22:39:51Z"",""scheduled"":""2024-06-05T21:37:00Z"",""eta"":""ARR"",""arrival"":{""estimated"":""2024-06-05T22:39:51Z"",""scheduled"":""2024-06-05T21:37:00Z""},""departure"":{""estimated"":""2024-06-05T22:39:51Z"",""scheduled"":""2024-06-05T21:37:02Z""},""diff"":""bad"",""diffMin"":62},{""station"":""Houston"",""code"":""HOUS"",""estimated"":""2024-06-05T23:21:37Z"",""scheduled"":""2024-06-05T22:22:00Z"",""eta"":""ARR"",""arrival"":{""estimated"":""2024-06-05T23:21:37Z"",""scheduled"":""2024-06-05T22:22:00Z""},""departure"":{""estimated"":""2024-06-05T23:21:37Z"",""scheduled"":""2024-06-05T22:22:02Z""},""diff"":""bad"",""diffMin"":59},{""station"":""Burns Lake"",""code"":""BRNL"",""estimated"":""2024-06-06T00:32:10Z"",""scheduled"":""2024-06-05T23:32:00Z"",""eta"":""ARR"",""arrival"":{""estimated"":""2024-06-06T00:32:10Z"",""scheduled"":""2024-06-05T23:32:00Z""},""departure"":{""estimated"":""2024-06-06T00:32:10Z"",""scheduled"":""2024-06-05T23:32:02Z""},""diff"":""bad"",""diffMin"":60},{""station"":""Endako"",""code"":""ENDA"",""estimated"":""2024-06-06T01:38:13Z"",""scheduled"":""2024-06-06T00:25:00Z"",""eta"":""ARR"",""arrival"":{""estimated"":""2024-06-06T01:38:13Z"",""scheduled"":""2024-06-06T00:25:00Z""},""departure"":{""estimated"":""2024-06-06T01:38:13Z"",""scheduled"":""2024-06-06T00:25:02Z""},""diff"":""bad"",""diffMin"":73},{""station"":""Fort Fraser"",""code"":""FFRA"",""estimated"":""2024-06-06T02:05:15Z"",""scheduled"":""2024-06-06T00:57:00Z"",""eta"":""ARR"",""arrival"":{""estimated"":""2024-06-06T02:05:15Z"",""scheduled"":""2024-06-06T00:57:00Z""},""departure"":{""estimated"":""2024-06-06T02:05:15Z"",""scheduled"":""2024-06-06T00:57:02Z""},""diff"":""bad"",""diffMin"":68},{""station"":""Vanderhoof"",""code"":""VDRH"",""estimated"":""2024-06-06T02:49:39Z"",""scheduled"":""2024-06-06T01:35:00Z"",""eta"":""ARR"",""arrival"":{""estimated"":""2024-06-06T02:49:39Z"",""scheduled"":""2024-06-06T01:35:00Z""},""departure"":{""estimated"":""2024-06-06T02:49:39Z"",""scheduled"":""2024-06-06T01:35:02Z""},""diff"":""bad"",""diffMin"":74},{""station"":""Prince George"",""code"":""PGEO"",""estimated"":""2024-06-06T04:40:32Z"",""scheduled"":""2024-06-06T03:29:00Z"",""eta"":""ARR"",""arrival"":{""estimated"":""2024-06-06T04:40:32Z"",""scheduled"":""2024-06-06T03:29:00Z""},""departure"":{""estimated"":""2024-06-06T15:15:00Z"",""scheduled"":""2024-06-06T15:15:00Z""},""diff"":""bad"",""diffMin"":71},{""station"":""Willow River"",""code"":""WILR"",""estimated"":""2024-06-06T15:48:00Z"",""scheduled"":""2024-06-06T15:48:00Z"",""eta"":""7h13"",""arrival"":{""estimated"":""2024-06-06T15:48:00Z"",""scheduled"":""2024-06-06T15:48:00Z""},""departure"":{""estimated"":""2024-06-06T15:48:02Z"",""scheduled"":""2024-06-06T15:48:02Z""},""diff"":""goo"",""diffMin"":0},{""station"":""Aleza Lake"",""code"":""ALZL"",""estimated"":""2024-06-06T16:17:00Z"",""scheduled"":""2024-06-06T16:17:00Z"",""eta"":""7h42"",""arrival"":{""estimated"":""2024-06-06T16:17:00Z"",""scheduled"":""2024-06-06T16:17:00Z""},""departure"":{""estimated"":""2024-06-06T16:17:02Z"",""scheduled"":""2024-06-06T16:17:02Z""},""diff"":""goo"",""diffMin"":0},{""station"":""Upper Fraser"",""code"":""UFRZ"",""estimated"":""2024-06-06T16:25:00Z"",""scheduled"":""2024-06-06T16:25:00Z"",""eta"":""7h50"",""arrival"":{""estimated"":""2024-06-06T16:25:00Z"",""scheduled"":""2024-06-06T16:25:00Z""},""departure"":{""estimated"":""2024-06-06T16:25:02Z"",""scheduled"":""2024-06-06T16:25:02Z""},""diff"":""goo"",""diffMin"":0},{""station"":""Mcgregor"",""code"":""MCGR"",""estimated"":""2024-06-06T16:33:00Z"",""scheduled"":""2024-06-06T16:33:00Z"",""eta"":""7h58"",""arrival"":{""estimated"":""2024-06-06T16:33:00Z"",""scheduled"":""2024-06-06T16:33:00Z""},""departure"":{""estimated"":""2024-06-06T16:33:02Z"",""scheduled"":""2024-06-06T16:33:02Z""},""diff"":""goo"",""diffMin"":0},{""station"":""Sinclair Mills"",""code"":""SINM"",""estimated"":""2024-06-06T16:44:00Z"",""scheduled"":""2024-06-06T16:44:00Z"",""eta"":""8h09"",""arrival"":{""estimated"":""2024-06-06T16:44:00Z"",""scheduled"":""2024-06-06T16:44:00Z""},""departure"":{""estimated"":""2024-06-06T16:44:02Z"",""scheduled"":""2024-06-06T16:44:02Z""},""diff"":""goo"",""diffMin"":0},{""station"":""Hutton"",""code"":""HUTT"",""estimated"":""2024-06-06T16:48:00Z"",""scheduled"":""2024-06-06T16:48:00Z"",""eta"":""8h13"",""arrival"":{""estimated"":""2024-06-06T16:48:00Z"",""scheduled"":""2024-06-06T16:48:00Z""},""departure"":{""estimated"":""2024-06-06T16:48:02Z"",""scheduled"":""2024-06-06T16:48:02Z""},""diff"":""goo"",""diffMin"":0},{""station"":""Longworth"",""code"":""LWTH"",""estimated"":""2024-06-06T16:59:00Z"",""scheduled"":""2024-06-06T16:59:00Z"",""eta"":""8h24"",""arrival"":{""estimated"":""2024-06-06T16:59:00Z"",""scheduled"":""2024-06-06T16:59:00Z""},""departure"":{""estimated"":""2024-06-06T16:59:02Z"",""scheduled"":""2024-06-06T16:59:02Z""},""diff"":""goo"",""diffMin"":0},{""station"":""Penny"",""code"":""PENN"",""estimated"":""2024-06-06T17:13:00Z"",""scheduled"":""2024-06-06T17:13:00Z"",""eta"":""8h38"",""arrival"":{""estimated"":""2024-06-06T17:13:00Z"",""scheduled"":""2024-06-06T17:13:00Z""},""departure"":{""estimated"":""2024-06-06T17:13:02Z"",""scheduled"":""2024-06-06T17:13:02Z""},""diff"":""goo"",""diffMin"":0},{""station"":""Bend"",""code"":""BEND"",""estimated"":""2024-06-06T17:32:00Z"",""scheduled"":""2024-06-06T17:32:00Z"",""eta"":""8h57"",""arrival"":{""estimated"":""2024-06-06T17:32:00Z"",""scheduled"":""2024-06-06T17:32:00Z""},""departure"":{""estimated"":""2024-06-06T17:32:02Z"",""scheduled"":""2024-06-06T17:32:02Z""},""diff"":""goo"",""diffMin"":0},{""station"":""Dome Creek"",""code"":""DOMC"",""estimated"":""2024-06-06T17:33:07Z"",""scheduled"":""2024-06-06T17:33:07Z"",""eta"":""8h58"",""arrival"":{""estimated"":""2024-06-06T17:33:07Z"",""scheduled"":""2024-06-06T17:33:07Z""},""departure"":{""estimated"":""2024-06-06T17:33:08Z"",""scheduled"":""2024-06-06T17:33:08Z""},""diff"":""goo"",""diffMin"":0},{""station"":""Loos"",""code"":""LOOS"",""estimated"":""2024-06-06T18:07:00Z"",""scheduled"":""2024-06-06T18:07:00Z"",""eta"":""9h32"",""arrival"":{""estimated"":""2024-06-06T18:07:00Z"",""scheduled"":""2024-06-06T18:07:00Z""},""departure"":{""estimated"":""2024-06-06T18:07:02Z"",""scheduled"":""2024-06-06T18:07:02Z""},""diff"":""goo"",""diffMin"":0},{""station"":""Goat River"",""code"":""GOAT"",""estimated"":""2024-06-06T18:22:00Z"",""scheduled"":""2024-06-06T18:22:00Z"",""eta"":""9h47"",""arrival"":{""estimated"":""2024-06-06T18:22:00Z"",""scheduled"":""2024-06-06T18:22:00Z""},""departure"":{""estimated"":""2024-06-06T18:22:02Z"",""scheduled"":""2024-06-06T18:22:02Z""},""diff"":""goo"",""diffMin"":0},{""station"":""Mcbride"",""code"":""MCBR"",""estimated"":""2024-06-06T19:18:00Z"",""scheduled"":""2024-06-06T19:18:00Z"",""eta"":""10h43"",""arrival"":{""estimated"":""2024-06-06T19:18:00Z"",""scheduled"":""2024-06-06T19:18:00Z""},""departure"":{""estimated"":""2024-06-06T19:18:02Z"",""scheduled"":""2024-06-06T19:18:02Z""},""diff"":""goo"",""diffMin"":0},{""station"":""Dunster"",""code"":""DNST"",""estimated"":""2024-06-06T19:35:00Z"",""scheduled"":""2024-06-06T19:35:00Z"",""eta"":""11h00"",""arrival"":{""estimated"":""2024-06-06T19:35:00Z"",""scheduled"":""2024-06-06T19:35:00Z""},""departure"":{""estimated"":""2024-06-06T19:35:02Z"",""scheduled"":""2024-06-06T19:35:02Z""},""diff"":""goo"",""diffMin"":0},{""station"":""Harvey"",""code"":""HRVY"",""estimated"":""2024-06-06T20:24:00Z"",""scheduled"":""2024-06-06T20:24:00Z"",""eta"":""11h49"",""arrival"":{""estimated"":""2024-06-06T20:24:00Z"",""scheduled"":""2024-06-06T20:24:00Z""},""departure"":{""estimated"":""2024-06-06T20:24:02Z"",""scheduled"":""2024-06-06T20:24:02Z""},""diff"":""goo"",""diffMin"":0}]"
"5",53.9243,-122.7626,0,116.44,"2024-06-06T08:32:40Z",true,false,"JASPER","PRINCE RUPERT","2024-06-05",1,"[{""station"":""Jasper"",""code"":""JASP"",""estimated"":""2024-06-05T18:45:08Z"",""scheduled"":""2024-06-05T18:45:00Z"",""eta"":""ARR"",""departure"":{""estimated"":""2024-06-05T18:45:08Z"",""scheduled"":""2024-06-05T18:45:00Z""},""diff"":""goo"",""diffMin"":0},{""station"":""Harvey"",""code"":""HRVY"",""estimated"":""2024-06-05T20:38:03Z"",""scheduled"":""2024-06-05T20:38:00Z"",""eta"":""ARR"",""arrival"":{""estimated"":""2024-06-05T20:38:03Z"",""scheduled"":""2024-06-05T20:38:00Z""},""departure"":{""estimated"":""2024-06-05T20:38:03Z"",""scheduled"":""2024-06-05T20:38:02Z""},""diff"":""goo"",""diffMin"":0},{""station"":""Dunster"",""code"":""DNST"",""estimated"":""2024-06-05T21:09:53Z"",""scheduled"":""2024-06-05T21:12:00Z"",""eta"":""ARR"",""arrival"":{""estimated"":""2024-06-05T21:09:53Z"",""scheduled"":""2024-06-05T21:12:00Z""},""departure"":{""estimated"":""2024-06-05T21:09:09Z"",""scheduled"":""2024-06-05T21:12:02Z""},""diff"":""goo"",""diffMin"":-2},{""station"":""Mcbride"",""code"":""MCBR"",""estimated"":""2024-06-05T21:40:45Z"",""scheduled"":""2024-06-05T21:44:00Z"",""eta"":""ARR"",""arrival"":{""estimated"":""2024-06-05T21:40:45Z"",""scheduled"":""2024-06-05T21:44:00Z""},""departure"":{""estimated"":""2024-06-05T21:42:19Z"",""scheduled"":""2024-06-05T21:44:02Z""},""diff"":""goo"",""diffMin"":-3},{""station"":""Goat River"",""code"":""GOAT"",""estimated"":""2024-06-05T22:32:44Z"",""scheduled"":""2024-06-05T22:41:00Z"",""eta"":""ARR"",""arrival"":{""estimated"":""2024-06-05T22:32:44Z"",""scheduled"":""2024-06-05T22:41:00Z""},""departure"":{""estimated"":""2024-06-05T22:31:49Z"",""scheduled"":""2024-06-05T22:41:02Z""},""diff"":""goo"",""diffMin"":-8},{""station"":""Loos"",""code"":""LOOS"",""estimated"":""2024-06-05T22:46:23Z"",""scheduled"":""2024-06-05T22:58:00Z"",""eta"":""ARR"",""arrival"":{""estimated"":""2024-06-05T22:46:23Z"",""scheduled"":""2024-06-05T22:58:00Z""},""departure"":{""estimated"":""2024-06-05T22:45:34Z"",""scheduled"":""2024-06-05T22:58:02Z""},""diff"":""goo"",""diffMin"":-11},{""station"":""Dome Creek"",""code"":""DOMC"",""estimated"":""2024-06-05T23:13:53Z"",""scheduled"":""2024-06-05T23:32:00Z"",""eta"":""ARR"",""arrival"":{""estimated"":""2024-06-05T23:13:53Z"",""scheduled"":""2024-06-05T23:32:00Z""},""departure"":{""estimated"":""2024-06-05T23:13:20Z"",""scheduled"":""2024-06-05T23:32:02Z""},""diff"":""goo"",""diffMin"":-18},{""station"":""Bend"",""code"":""BEND"",""estimated"":""2024-06-05T23:16:33Z"",""scheduled"":""2024-06-05T23:36:00Z"",""eta"":""ARR"",""arrival"":{""estimated"":""2024-06-05T23:16:33Z"",""scheduled"":""2024-06-05T23:36:00Z""},""departure"":{""estimated"":""2024-06-05T23:15:50Z"",""scheduled"":""2024-06-05T23:36:02Z""},""diff"":""goo"",""diffMin"":-19},{""station"":""Penny"",""code"":""PENN"",""estimated"":""2024-06-05T23:33:13Z"",""scheduled"":""2024-06-05T23:56:00Z"",""eta"":""ARR"",""arrival"":{""estimated"":""2024-06-05T23:33:13Z"",""scheduled"":""2024-06-05T23:56:00Z""},""departure"":{""estimated"":""2024-06-05T23:33:00Z"",""scheduled"":""2024-06-05T23:56:02Z""},""diff"":""goo"",""diffMin"":-22},{""station"":""Longworth"",""code"":""LWTH"",""estimated"":""2024-06-05T23:50:03Z"",""scheduled"":""2024-06-06T00:11:00Z"",""eta"":""ARR"",""arrival"":{""estimated"":""2024-06-05T23:50:03Z"",""scheduled"":""2024-06-06T00:11:00Z""},""departure"":{""estimated"":""2024-06-06T00:11:02Z"",""scheduled"":""2024-06-06T00:11:02Z""},""diff"":""goo"",""diffMin"":-20},{""station"":""Hutton"",""code"":""HUTT"",""estimated"":""2024-06-06T00:24:00Z"",""scheduled"":""2024-06-06T00:24:00Z"",""eta"":""ARR"",""arrival"":{""estimated"":""2024-06-06T00:24:00Z"",""scheduled"":""2024-06-06T00:24:00Z""},""departure"":{""estimated"":""2024-06-06T00:24:02Z"",""scheduled"":""2024-06-06T00:24:02Z""},""diff"":""goo"",""diffMin"":0},{""station"":""Sinclair Mills"",""code"":""SINM"",""estimated"":""2024-06-06T00:30:00Z"",""scheduled"":""2024-06-06T00:30:00Z"",""eta"":""ARR"",""arrival"":{""estimated"":""2024-06-06T00:30:00Z"",""scheduled"":""2024-06-06T00:30:00Z""},""departure"":{""estimated"":""2024-06-06T00:30:02Z"",""scheduled"":""2024-06-06T00:30:02Z""},""diff"":""goo"",""diffMin"":0},{""station"":""Mcgregor"",""code"":""MCGR"",""estimated"":""2024-06-06T00:18:47Z"",""scheduled"":""2024-06-06T00:43:00Z"",""eta"":""ARR"",""arrival"":{""estimated"":""2024-06-06T00:18:47Z"",""scheduled"":""2024-06-06T00:43:00Z""},""departure"":{""estimated"":""2024-06-06T00:43:02Z"",""scheduled"":""2024-06-06T00:43:02Z""},""diff"":""goo"",""diffMin"":-24},{""station"":""Upper Fraser"",""code"":""UFRZ"",""estimated"":""2024-06-06T00:52:00Z"",""scheduled"":""2024-06-06T00:52:00Z"",""eta"":""ARR"",""arrival"":{""estimated"":""2024-06-06T00:52:00Z"",""scheduled"":""2024-06-06T00:52:00Z""},""departure"":{""estimated"":""2024-06-06T00:52:02Z"",""scheduled"":""2024-06-06T00:52:02Z""},""diff"":""goo"",""diffMin"":0},{""station"":""Aleza Lake"",""code"":""ALZL"",""estimated"":""2024-06-06T00:31:29Z"",""scheduled"":""2024-06-06T01:01:00Z"",""eta"":""ARR"",""arrival"":{""estimated"":""2024-06-06T00:31:29Z"",""scheduled"":""2024-06-06T01:01:00Z""},""departure"":{""estimated"":""2024-06-06T00:30:21Z"",""scheduled"":""2024-06-06T01:01:02Z""},""diff"":""goo"",""diffMin"":-29},{""station"":""Willow River"",""code"":""WILR"",""estimated"":""2024-06-06T00:54:56Z"",""scheduled"":""2024-06-06T01:34:01Z"",""eta"":""ARR"",""arrival"":{""estimated"":""2024-06-06T00:54:56Z"",""scheduled"":""2024-06-06T01:34:01Z""},""departure"":{""estimated"":""2024-06-06T00:54:00Z"",""scheduled"":""2024-06-06T01:34:03Z""},""diff"":""goo"",""diffMin"":-39},{""station"":""Prince George"",""code"":""PGEO"",""estimated"":""2024-06-06T01:21:57Z"",""scheduled"":""2024-06-06T02:08:00Z"",""eta"":""ARR"",""arrival"":{""estimated"":""2024-06-06T01:21:57Z"",""scheduled"":""2024-06-06T02:08:00Z""},""departure"":{""estimated"":""2024-06-06T15:00:00Z"",""scheduled"":""2024-06-06T15:00:00Z""},""diff"":""goo"",""diffMin"":-46},{""station"":""Vanderhoof"",""code"":""VDRH"",""estimated"":""2024-06-06T16:55:00Z"",""scheduled"":""2024-06-06T16:55:00Z"",""eta"":""8h20"",""arrival"":{""estimated"":""2024-06-06T16:55:00Z"",""scheduled"":""2024-06-06T16:55:00Z""},""departure"":{""estimated"":""2024-06-06T16:55:02Z"",""scheduled"":""2024-06-06T16:55:02Z""},""diff"":""goo"",""diffMin"":0},{""station"":""Fort Fraser"",""code"":""FFRA"",""estimated"":""2024-06-06T17:32:00Z"",""scheduled"":""2024-06-06T17:32:00Z"",""eta"":""8h57"",""arrival"":{""estimated"":""2024-06-06T17:32:00Z"",""scheduled"":""2024-06-06T17:32:00Z""},""departure"":{""estimated"":""2024-06-06T17:32:02Z"",""scheduled"":""2024-06-06T17:32:02Z""},""diff"":""goo"",""diffMin"":0},{""station"":""Endako"",""code"":""ENDA"",""estimated"":""2024-06-06T17:50:00Z"",""scheduled"":""2024-06-06T17:50:00Z"",""eta"":""9h15"",""arrival"":{""estimated"":""2024-06-06T17:50:00Z"",""scheduled"":""2024-06-06T17:50:00Z""},""departure"":{""estimated"":""2024-06-06T17:50:02Z"",""scheduled"":""2024-06-06T17:50:02Z""},""diff"":""goo"",""diffMin"":0},{""station"":""Burns Lake"",""code"":""BRNL"",""estimated"":""2024-06-06T18:58:00Z"",""scheduled"":""2024-06-06T18:58:00Z"",""eta"":""10h23"",""arrival"":{""estimated"":""2024-06-06T18:58:00Z"",""scheduled"":""2024-06-06T18:58:00Z""},""departure"":{""estimated"":""2024-06-06T18:58:02Z"",""scheduled"":""2024-06-06T18:58:02Z""},""diff"":""goo"",""diffMin"":0},{""station"":""Houston"",""code"":""HOUS"",""estimated"":""2024-06-06T20:08:00Z"",""scheduled"":""2024-06-06T20:08:00Z"",""eta"":""11h33"",""arrival"":{""estimated"":""2024-06-06T20:08:00Z"",""scheduled"":""2024-06-06T20:08:00Z""},""departure"":{""estimated"":""2024-06-06T20:08:02Z"",""scheduled"":""2024-06-06T20:08:02Z""},""diff"":""goo"",""diffMin"":0},{""station"":""Telkwa"",""code"":""TELK"",""estimated"":""2024-06-06T20:52:00Z"",""scheduled"":""2024-06-06T20:52:00Z"",""eta"":""12h17"",""arrival"":{""estimated"":""2024-06-06T20:52:00Z"",""scheduled"":""2024-06-06T20:52:00Z""},""departure"":{""estimated"":""2024-06-06T20:52:02Z"",""scheduled"":""2024-06-06T20:52:02Z""},""diff"":""goo"",""diffMin"":0},{""station"":""Smithers"",""code"":""SMTR"",""estimated"":""2024-06-06T21:10:00Z"",""scheduled"":""2024-06-06T21:10:00Z"",""eta"":""12h35"",""arrival"":{""estimated"":""2024-06-06T21:10:00Z"",""scheduled"":""2024-06-06T21:10:00Z""},""departure"":{""estimated"":""2024-06-06T21:20:00Z"",""scheduled"":""2024-06-06T21:20:00Z""},""diff"":""goo"",""diffMin"":0}]"
"14",48.4242,-68.6038,0,,"2024-06-06T08:34:09Z",true,false,"MONTRÉAL","HALIFAX","2024-06-05",0,"[{""station"":""Montréal"",""code"":""MTRL"",""estimated"":""2024-06-05T23:02:32Z"",""scheduled"":""2024-06-05T23:00:00Z"",""eta"":""ARR"",""departure"":{""estimated"":""2024-06-05T23:02:32Z"",""scheduled"":""2024-06-05T23:00:00Z""},""diff"":""goo"",""diffMin"":2},{""station"":""St. Lambert"",""code"":""SLAM"",""estimated"":""2024-06-05T23:23:02Z"",""scheduled"":""2024-06-05T23:15:00Z"",""eta"":""ARR"",""arrival"":{""estimated"":""2024-06-05T23:23:02Z"",""scheduled"":""2024-06-05T23:15:00Z""},""departure"":{""estimated"":""2024-06-05T23:23:02Z"",""scheduled"":""2024-06-05T23:25:00Z""},""diff"":""med"",""diffMin"":8},{""station"":""St. Hyacinthe"",""code"":""SHYA"",""estimated"":""2024-06-05T23:59:54Z"",""scheduled"":""2024-06-05T23:53:00Z"",""eta"":""ARR"",""arrival"":{""estimated"":""2024-06-05T23:59:54Z"",""scheduled"":""2024-06-05T23:53:00Z""},""departure"":{""estimated"":""2024-06-05T23:59:54Z"",""scheduled"":""2024-06-05T23:58:00Z""},""diff"":""med"",""diffMin"":6},{""station"":""Drummondville"",""code"":""DRMV"",""estimated"":""2024-06-06T00:55:36Z"",""scheduled"":""2024-06-06T00:34:00Z"",""eta"":""ARR"",""arrival"":{""estimated"":""2024-06-06T00:55:36Z"",""scheduled"":""2024-06-06T00:34:00Z""},""departure"":{""estimated"":""2024-06-06T00:55:36Z"",""scheduled"":""2024-06-06T00:44:00Z""},""diff"":""bad"",""diffMin"":21},{""station"":""Ste-Foy"",""code"":""SFOY"",""estimated"":""2024-06-06T02:22:43Z"",""scheduled"":""2024-06-06T02:18:00Z"",""eta"":""ARR"",""arrival"":{""estimated"":""2024-06-06T02:22:43Z"",""scheduled"":""2024-06-06T02:18:00Z""},""departure"":{""estimated"":""2024-06-06T02:22:43Z"",""scheduled"":""2024-06-06T02:42:00Z""},""diff"":""goo"",""diffMin"":4},{""station"":""Montmagny"",""code"":""MMGY"",""estimated"":""2024-06-06T03:54:19Z"",""scheduled"":""2024-06-06T03:48:00Z"",""eta"":""ARR"",""arrival"":{""estimated"":""2024-06-06T03:54:19Z"",""scheduled"":""2024-06-06T03:48:00Z""},""departure"":{""estimated"":""2024-06-06T03:54:19Z"",""scheduled"":""2024-06-06T03:48:02Z""},""diff"":""med"",""diffMin"":6},{""station"":""La Pocatière"",""code"":""LPOC"",""estimated"":""2024-06-06T04:26:25Z"",""scheduled"":""2024-06-06T04:20:00Z"",""eta"":""ARR"",""arrival"":{""estimated"":""2024-06-06T04:26:25Z"",""scheduled"":""2024-06-06T04:20:00Z""},""departure"":{""estimated"":""2024-06-06T04:26:25Z"",""scheduled"":""2024-06-06T04:21:00Z""},""diff"":""med"",""diffMin"":6},{""station"":""Rivière-Du-Loup"",""code"":""RDLX"",""estimated"":""2024-06-06T05:11:46Z"",""scheduled"":""2024-06-06T05:01:00Z"",""eta"":""ARR"",""arrival"":{""estimated"":""2024-06-06T05:11:46Z"",""scheduled"":""2024-06-06T05:01:00Z""},""departure"":{""estimated"":""2024-06-06T05:11:46Z"",""scheduled"":""2024-06-06T05:06:00Z""},""diff"":""med"",""diffMin"":10},{""station"":""Trois Pistoles"",""code"":""TPIS"",""estimated"":""2024-06-06T07:00:57Z"",""scheduled"":""2024-06-06T05:45:00Z"",""eta"":""ARR"",""arrival"":{""estimated"":""2024-06-06T07:00:57Z"",""scheduled"":""2024-06-06T05:45:00Z""},""departure"":{""estimated"":""2024-06-06T07:00:57Z"",""scheduled"":""2024-06-06T05:48:00Z""},""diff"":""bad"",""diffMin"":75},{""station"":""Rimouski"",""code"":""RMSK"",""estimated"":""2024-06-06T08:40:32Z"",""scheduled"":""2024-06-06T06:54:00Z"",""eta"":""6 mins"",""arrival"":{""estimated"":""2024-06-06T08:40:32Z"",""scheduled"":""2024-06-06T06:54:00Z""},""departure"":{""estimated"":""2024-06-06T08:40:32Z"",""scheduled"":""2024-06-06T07:01:00Z""},""diff"":""bad"",""diffMin"":106},{""station"":""Mont-Joli"",""code"":""MJLI"",""estimated"":""2024-06-06T09:20:32Z"",""scheduled"":""2024-06-06T07:34:00Z"",""eta"":""46 mins"",""arrival"":{""estimated"":""2024-06-06T09:20:32Z"",""scheduled"":""2024-06-06T07:34:00Z""},""departure"":{""estimated"":""2024-06-06T09:20:32Z"",""scheduled"":""2024-06-06T07:39:00Z""},""diff"":""bad"",""diffMin"":106},{""station"":""Sayabec"",""code"":""SAYA"",""estimated"":""2024-06-06T10:25:32Z"",""scheduled"":""2024-06-06T08:39:00Z"",""eta"":""1h51"",""arrival"":{""estimated"":""2024-06-06T10:25:32Z"",""scheduled"":""2024-06-06T08:39:00Z""},""departure"":{""estimated"":""2024-06-06T10:25:32Z"",""scheduled"":""2024-06-06T08:40:00Z""},""diff"":""bad"",""diffMin"":106},{""station"":""Amqui"",""code"":""AMQU"",""estimated"":""2024-06-06T10:46:32Z"",""scheduled"":""2024-06-06T09:00:00Z"",""eta"":""2h12"",""arrival"":{""estimated"":""2024-06-06T10:46:32Z"",""scheduled"":""2024-06-06T09:00:00Z""},""departure"":{""estimated"":""2024-06-06T10:46:32Z"",""scheduled"":""2024-06-06T09:03:00Z""},""diff"":""bad"",""diffMin"":106},{""station"":""Causapscal"",""code"":""CAUS"",""estimated"":""2024-06-06T11:08:32Z"",""scheduled"":""2024-06-06T09:22:00Z"",""eta"":""2h34"",""arrival"":{""estimated"":""2024-06-06T11:08:32Z"",""scheduled"":""2024-06-06T09:22:00Z""},""departure"":{""estimated"":""2024-06-06T11:08:32Z"",""scheduled"":""2024-06-06T09:23:00Z""},""diff"":""bad"",""diffMin"":106},{""station"":""Matapedia"",""code"":""MTPD"",""estimated"":""2024-06-06T11:54:32Z"",""scheduled"":""2024-06-06T10:08:00Z"",""eta"":""3h20"",""arrival"":{""estimated"":""2024-06-06T11:54:32Z"",""scheduled"":""2024-06-06T10:08:00Z""},""departure"":{""estimated"":""2024-06-06T11:54:32Z"",""scheduled"":""2024-06-06T10:10:00Z""},""diff"":""bad"",""diffMin"":106},{""station"":""Campbellton"",""code"":""CBTN"",""estimated"":""2024-06-06T12:24:32Z"",""scheduled"":""2024-06-06T10:38:00Z"",""eta"":""3h50"",""arrival"":{""estimated"":""2024-06-06T12:24:32Z"",""scheduled"":""2024-06-06T10:38:00Z""},""departure"":{""estimated"":""2024-06-06T12:24:32Z"",""scheduled"":""2024-06-06T10:48:00Z""},""diff"":""bad"",""diffMin"":106},{""station"":""Charlo"",""code"":""CHLO"",""estimated"":""2024-06-06T13:07:32Z"",""scheduled"":""2024-06-06T11:21:00Z"",""eta"":""4h33"",""arrival"":{""estimated"":""2024-06-06T13:07:32Z"",""scheduled"":""2024-06-06T11:21:00Z""},""departure"":{""estimated"":""2024-06-06T13:07:32Z"",""scheduled"":""2024-06-06T11:23:00Z""},""diff"":""bad"",""diffMin"":106},{""station"":""Jacquet River"",""code"":""JACR"",""estimated"":""2024-06-06T13:31:32Z"",""scheduled"":""2024-06-06T11:45:00Z"",""eta"":""4h57"",""arrival"":{""estimated"":""2024-06-06T13:31:32Z"",""scheduled"":""2024-06-06T11:45:00Z""},""departure"":{""estimated"":""2024-06-06T13:31:32Z"",""scheduled"":""2024-06-06T11:47:00Z""},""diff"":""bad"",""diffMin"":106},{""station"":""Petit Rocher"",""code"":""PROC"",""estimated"":""2024-06-06T13:54:32Z"",""scheduled"":""2024-06-06T12:08:00Z"",""eta"":""5h20"",""arrival"":{""estimated"":""2024-06-06T13:54:32Z"",""scheduled"":""2024-06-06T12:08:00Z""},""departure"":{""estimated"":""2024-06-06T13:54:32Z"",""scheduled"":""2024-06-06T12:10:00Z""},""diff"":""bad"",""diffMin"":106},{""station"":""Bathurst"",""code"":""BTRS"",""estimated"":""2024-06-06T14:13:32Z"",""scheduled"":""2024-06-06T12:27:00Z"",""eta"":""5h39"",""arrival"":{""estimated"":""2024-06-06T14:13:32Z"",""scheduled"":""2024-06-06T12:27:00Z""},""departure"":{""estimated"":""2024-06-06T14:13:32Z"",""scheduled"":""2024-06-06T12:37:00Z""},""diff"":""bad"",""diffMin"":106},{""station"":""Miramichi"",""code"":""MIRA"",""estimated"":""2024-06-06T16:04:32Z"",""scheduled"":""2024-06-06T14:18:00Z"",""eta"":""7h30"",""arrival"":{""estimated"":""2024-06-06T16:04:32Z"",""scheduled"":""2024-06-06T14:18:00Z""},""departure"":{""estimated"":""2024-06-06T16:04:32Z"",""scheduled"":""2024-06-06T14:23:00Z""},""diff"":""bad"",""diffMin"":106},{""station"":""Rogersville"",""code"":""RGRV"",""estimated"":""2024-06-06T16:59:32Z"",""scheduled"":""2024-06-06T15:13:00Z"",""eta"":""8h25"",""arrival"":{""estimated"":""2024-06-06T16:59:32Z"",""scheduled"":""2024-06-06T15:13:00Z""},""departure"":{""estimated"":""2024-06-06T16:59:32Z"",""scheduled"":""2024-06-06T15:15:00Z""},""diff"":""bad"",""diffMin"":106},{""station"":""Moncton"",""code"":""MCTN"",""estimated"":""2024-06-06T18:09:32Z"",""scheduled"":""2024-06-06T16:23:00Z"",""eta"":""9h35"",""arrival"":{""estimated"":""2024-06-06T18:09:32Z"",""scheduled"":""2024-06-06T16:23:00Z""},""departure"":{""estimated"":""2024-06-06T18:09:32Z"",""scheduled"":""2024-06-06T16:38:00Z""},""diff"":""bad"",""diffMin"":106},{""station"":""Sackville"",""code"":""SACK"",""estimated"":""2024-06-06T19:09:32Z"",""scheduled"":""2024-06-06T17:23:00Z"",""eta"":""10h35"",""arrival"":{""estimated"":""2024-06-06T19:09:32Z"",""scheduled"":""2024-06-06T17:23:00Z""},""departure"":{""estimated"":""2024-06-06T19:09:32Z"",""scheduled"":""2024-06-06T17:26:00Z""},""diff"":""bad"",""diffMin"":106},{""station"":""Amherst"",""code"":""AMHS"",""estimated"":""2024-06-06T19:25:32Z"",""scheduled"":""2024-06-06T17:39:00Z"",""eta"":""10h51"",""arrival"":{""estimated"":""2024-06-06T19:25:32Z"",""scheduled"":""2024-06-06T17:39:00Z""},""departure"":{""estimated"":""2024-06-06T19:25:32Z"",""scheduled"":""2024-06-06T17:42:00Z""},""diff"":""bad"",""diffMin"":106},{""station"":""Springhill Jct"",""code"":""SPRJ"",""estimated"":""2024-06-06T19:49:32Z"",""scheduled"":""2024-06-06T18:03:00Z"",""eta"":""11h15"",""arrival"":{""estimated"":""2024-06-06T19:49:32Z"",""scheduled"":""2024-06-06T18:03:00Z""},""departure"":{""estimated"":""2024-06-06T19:49:32Z"",""scheduled"":""2024-06-06T18:03:02Z""},""diff"":""bad"",""diffMin"":106},{""station"":""Truro"",""code"":""TRUR"",""estimated"":""2024-06-06T21:03:32Z"",""scheduled"":""2024-06-06T19:17:00Z"",""eta"":""12h29"",""arrival"":{""estimated"":""2024-06-06T21:03:32Z"",""scheduled"":""2024-06-06T19:17:00Z""},""departure"":{""estimated"":""2024-06-06T21:03:32Z"",""scheduled"":""2024-06-06T19:22:00Z""},""diff"":""bad"",""diffMin"":106},{""station"":""Halifax"",""code"":""HLFX"",""estimated"":""2024-06-06T22:37:32Z"",""scheduled"":""2024-06-06T20:51:00Z"",""eta"":""14h03"",""arrival"":{""estimated"":""2024-06-06T22:37:32Z"",""scheduled"":""2024-06-06T20:51:00Z""},""diff"":""bad"",""diffMin"":106}]"
"31",,,,,,false,false,"MONTRÉAL","OTTAWA","2024-06-06",,"[{""station"":""Montréal"",""code"":""MTRL"",""estimated"":""&mdash;"",""scheduled"":""2024-06-06T10:20:00Z"",""eta"":""&mdash;"",""departure"":{""estimated"":null,""scheduled"":""2024-06-06T10:20:00Z""}},{""station"":""Dorval"",""code"":""DORV"",""estimated"":""&mdash;"",""scheduled"":""2024-06-06T10:44:00Z"",""eta"":""&mdash;"",""arrival"":{""estimated"":null,""scheduled"":""2024-06-06T10:44:00Z""},""departure"":{""estimated"":null,""scheduled"":""2024-06-06T10:47:00Z""}},{""station"":""Alexandria"",""code"":""ALEX"",""estimated"":""&mdash;"",""scheduled"":""2024-06-06T11:36:00Z"",""eta"":""&mdash;"",""arrival"":{""estimated"":null,""scheduled"":""2024-06-06T11:36:00Z""},""departure"":{""estimated"":null,""scheduled"":""2024-06-06T11:38:00Z""}},{""station"":""Casselman"",""code"":""CSLM"",""estimated"":""&mdash;"",""scheduled"":""2024-06-06T11:59:00Z"",""eta"":""&mdash;"",""arrival"":{""estimated"":null,""scheduled"":""2024-06-06T11:59:00Z""},""departure"":{""estimated"":null,""scheduled"":""2024-06-06T12:00:00Z""}},{""station"":""Ottawa"",""code"":""OTTW"",""estimated"":""&mdash;"",""scheduled"":""2024-06-06T12:25:00Z"",""eta"":""&mdash;"",""arrival"":{""estimated"":null,""scheduled"":""2024-06-06T12:25:00Z""}}]"
"41",,,,,,false,false,"OTTAWA","TORONTO","2024-06-06",,"[{""station"":""Ottawa"",""code"":""OTTW"",""estimated"":""&mdash;"",""scheduled"":""2024-06-06T09:25:00Z"",""eta"":""&mdash;"",""departure"":{""estimated"":null,""scheduled"":""2024-06-06T09:25:00Z""}},{""station"":""Fallowfield"",""code"":""FALL"",""estimated"":""&mdash;"",""scheduled"":""2024-06-06T09:44:00Z"",""eta"":""&mdash;"",""arrival"":{""estimated"":null,""scheduled"":""2024-06-06T09:44:00Z""},""departure"":{""estimated"":null,""scheduled"":""2024-06-06T09:46:00Z""}},{""station"":""Smiths Falls"",""code"":""SMTF"",""estimated"":""&mdash;"",""scheduled"":""2024-06-06T10:12:00Z"",""eta"":""&mdash;"",""arrival"":{""estimated"":null,""scheduled"":""2024-06-06T10:12:00Z""},""departure"":{""estimated"":null,""scheduled"":""2024-06-06T10:14:00Z""}},{""station"":""Brockville"",""code"":""BRKV"",""estimated"":""&mdash;"",""scheduled"":""2024-06-06T10:42:00Z"",""eta"":""&mdash;"",""arrival"":{""estimated"":null,""scheduled"":""2024-06-06T10:42:00Z""},""departure"":{""estimated"":null,""scheduled"":""2024-06-06T10:44:00Z""}},{""station"":""Kingston"",""code"":""KGON"",""estimated"":""&mdash;"",""scheduled"":""2024-06-06T11:25:00Z"",""eta"":""&mdash;"",""arrival"":{""estimated"":null,""scheduled"":""2024-06-06T11:25:00Z""},""departure"":{""estimated"":null,""scheduled"":""2024-06-06T11:28:00Z""}},{""station"":""Napanee"",""code"":""NAPN"",""estimated"":""&mdash;"",""scheduled"":""2024-06-06T11:50:00Z"",""eta"":""&mdash;"",""arrival"":{""estimated"":null,""scheduled"":""2024-06-06T11:50:00Z""},""departure"":{""estimated"":null,""scheduled"":""2024-06-06T11:51:00Z""}},{""station"":""Belleville"",""code"":""BLVL"",""estimated"":""&mdash;"",""scheduled"":""2024-06-06T12:08:00Z"",""eta"":""&mdash;"",""arrival"":{""estimated"":null,""scheduled"":""2024-06-06T12:08:00Z""},""departure"":{""estimated"":null,""scheduled"":""2024-06-06T12:11:00Z""}},{""station"":""Trenton Jct."",""code"":""TRNJ"",""estimated"":""&mdash;"",""scheduled"":""2024-06-06T12:22:00Z"",""eta"":""&mdash;"",""arrival"":{""estimated"":null,""scheduled"":""2024-06-06T12:22:00Z""},""departure"":{""estimated"":null,""scheduled"":""2024-06-06T12:23:00Z""}},{""station"":""Cobourg"",""code"":""CBRG"",""estimated"":""&mdash;"",""scheduled"":""2024-06-06T12:47:00Z"",""eta"":""&mdash;"",""arrival"":{""estimated"":null,""scheduled"":""2024-06-06T12:47:00Z""},""departure"":{""estimated"":null,""scheduled"":""2024-06-06T12:50:00Z""}},{""station"":""Oshawa"",""code"":""OSHA"",""estimated"":""&mdash;"",""scheduled"":""2024-06-06T13:24:00Z"",""eta"":""&mdash;"",""arrival"":{""estimated"":null,""scheduled"":""2024-06-06T13:24:00Z""},""departure"":{""estimated"":null,""scheduled"":""2024-06-06T13:26:00Z""}},{""station"":""Toronto"",""code"":""TRTO"",""estimated"":""&mdash;"",""scheduled"":""2024-06-06T14:02:00Z"",""eta"":""&mdash;"",""arrival"":{""estimated"":null,""scheduled"":""2024-06-06T14:02:00Z""}}]"
"24",,,,,,false,false,"OTTAWA","QUÉBEC","2024-06-06",,"[{""station"":""Ottawa"",""code"":""OTTW"",""estimated"":""&mdash;"",""scheduled"":""2024-06-06T14:13:00Z"",""eta"":""&mdash;"",""departure"":{""estimated"":null,""scheduled"":""2024-06-06T14:13:00Z""}},{""station"":""Alexandria"",""code"":""ALEX"",""estimated"":""&mdash;"",""scheduled"":""2024-06-06T15:03:00Z"",""eta"":""&mdash;"",""arrival"":{""estimated"":null,""scheduled"":""2024-06-06T15:03:00Z""},""departure"":{""estimated"":null,""scheduled"":""2024-06-06T15:05:00Z""}},{""station"":""Coteau"",""code"":""COTO"",""estimated"":""&mdash;"",""scheduled"":""2024-06-06T15:26:00Z"",""eta"":""&mdash;"",""arrival"":{""estimated"":null,""scheduled"":""2024-06-06T15:26:00Z""},""departure"":{""estimated"":null,""scheduled"":""2024-06-06T15:27:00Z""}},{""station"":""Dorval"",""code"":""DORV"",""estimated"":""&mdash;"",""scheduled"":""2024-06-06T15:50:00Z"",""eta"":""&mdash;"",""arrival"":{""estimated"":null,""scheduled"":""2024-06-06T15:50:00Z""},""departure"":{""estimated"":null,""scheduled"":""2024-06-06T15:54:00Z""}},{""station"":""Montréal"",""code"":""MTRL"",""estimated"":""&mdash;"",""scheduled"":""2024-06-06T16:15:00Z"",""eta"":""&mdash;"",""arrival"":{""estimated"":null,""scheduled"":""2024-06-06T16:15:00Z""},""departure"":{""estimated"":""2024-06-06T16:45:00Z"",""scheduled"":""2024-06-06T16:45:00Z""}},{""station"":""St. Lambert"",""code"":""SLAM"",""estimated"":""2024-06-06T16:58:00Z"",""scheduled"":""2024-06-06T16:58:00Z"",""eta"":""8h23"",""arrival"":{""estimated"":""2024-06-06T16:58:00Z"",""scheduled"":""2024-06-06T16:58:00Z""},""departure"":{""estimated"":""2024-06-06T17:00:00Z"",""scheduled"":""2024-06-06T17:00:00Z""},""diff"":""goo"",""diffMin"":0},{""station"":""St. Hyacinthe"",""code"":""SHYA"",""estimated"":""2024-06-06T17:26:00Z"",""scheduled"":""2024-06-06T17:26:00Z"",""eta"":""8h51"",""arrival"":{""estimated"":""2024-06-06T17:26:00Z"",""scheduled"":""2024-06-06T17:26:00Z""},""departure"":{""estimated"":""2024-06-06T17:27:00Z"",""scheduled"":""2024-06-06T17:27:00Z""},""diff"":""goo"",""diffMin"":0},{""station"":""Drummondville"",""code"":""DRMV"",""estimated"":""2024-06-06T17:54:00Z"",""scheduled"":""2024-06-06T17:54:00Z"",""eta"":""9h19"",""arrival"":{""estimated"":""2024-06-06T17:54:00Z"",""scheduled"":""2024-06-06T17:54:00Z""},""departure"":{""estimated"":""2024-06-06T17:56:00Z"",""scheduled"":""2024-06-06T17:56:00Z""},""diff"":""goo"",""diffMin"":0},{""station"":""Charny"",""code"":""CHNY"",""estimated"":""2024-06-06T19:38:00Z"",""scheduled"":""2024-06-06T19:38:00Z"",""eta"":""11h03"",""arrival"":{""estimated"":""2024-06-06T19:38:00Z"",""scheduled"":""2024-06-06T19:38:00Z""},""departure"":{""estimated"":""2024-06-06T19:39:00Z"",""scheduled"":""2024-06-06T19:39:00Z""},""diff"":""goo"",""diffMin"":0},{""station"":""Ste-Foy"",""code"":""SFOY"",""estimated"":""2024-06-06T19:45:00Z"",""scheduled"":""2024-06-06T19:45:00Z"",""eta"":""11h10"",""arrival"":{""estimated"":""2024-06-06T19:45:00Z"",""scheduled"":""2024-06-06T19:45:00Z""},""departure"":{""estimated"":""2024-06-06T19:47:00Z"",""scheduled"":""2024-06-06T19:47:00Z""},""diff"":""goo"",""diffMin"":0},{""station"":""Québec"",""code"":""QBEC"",""estimated"":""2024-06-06T20:12:00Z"",""scheduled"":""2024-06-06T20:12:00Z"",""eta"":""11h37"",""arrival"":{""estimated"":""2024-06-06T20:12:00Z"",""scheduled"":""2024-06-06T20:12:00Z""},""diff"":""goo"",""diffMin"":0}]"
"67",,,,,,false,false,"MONTRÉAL","TORONTO","2024-06-06",,"[{""station"":""Montréal"",""code"":""MTRL"",""estimated"":""&mdash;"",""scheduled"":""2024-06-06T17:22:00Z"",""eta"":""&mdash;"",""departure"":{""estimated"":null,""scheduled"":""2024-06-06T17:22:00Z""}},{""station"":""Dorval"",""code"":""DORV"",""estimated"":""&mdash;"",""scheduled"":""2024-06-06T17:43:00Z"",""eta"":""&mdash;"",""arrival"":{""estimated"":null,""scheduled"":""2024-06-06T17:43:00Z""},""departure"":{""estimated"":null,""scheduled"":""2024-06-06T17:47:00Z""}},{""station"":""Cornwall"",""code"":""CWLL"",""estimated"":""&mdash;"",""scheduled"":""2024-06-06T18:29:00Z"",""eta"":""&mdash;"",""arrival"":{""estimated"":null,""scheduled"":""2024-06-06T18:29:00Z""},""departure"":{""estimated"":null,""scheduled"":""2024-06-06T18:31:00Z""}},{""station"":""Kingston"",""code"":""KGON"",""estimated"":""&mdash;"",""scheduled"":""2024-06-06T19:57:00Z"",""eta"":""&mdash;"",""arrival"":{""estimated"":null,""scheduled"":""2024-06-06T19:57:00Z""},""departure"":{""estimated"":null,""scheduled"":""2024-06-06T20:01:00Z""}},{""station"":""Belleville"",""code"":""BLVL"",""estimated"":""&mdash;"",""scheduled"":""2024-06-06T20:33:00Z"",""eta"":""&mdash;"",""arrival"":{""estimated"":null,""scheduled"":""2024-06-06T20:33:00Z""},""departure"":{""estimated"":null,""scheduled"":""2024-06-06T20:35:00Z""}},{""station"":""Cobourg"",""code"":""CBRG"",""estimated"":""&mdash;"",""scheduled"":""2024-06-06T21:03:00Z"",""eta"":""&mdash;"",""arrival"":{""estimated"":null,""scheduled"":""2024-06-06T21:03:00Z""},""departure"":{""estimated"":null,""scheduled"":""2024-06-06T21:05:00Z""}},{""station"":""Oshawa"",""code"":""OSHA"",""estimated"":""&mdash;"",""scheduled"":""2024-06-06T21:54:00Z"",""eta"":""&mdash;"",""arrival"":{""estimated"":null,""scheduled"":""2024-06-06T21:54:00Z""},""departure"":{""estimated"":null,""scheduled"":""2024-06-06T21:56:00Z""}},{""station"":""Toronto"",""code"":""TRTO"",""estimated"":""&mdash;"",""scheduled"":""2024-06-06T22:33:00Z"",""eta"":""&mdash;"",""arrival"":{""estimated"":null,""scheduled"":""2024-06-06T22:33:00Z""}}]"
"76",,,,,,false,false,"WINDSOR","TORONTO","2024-06-06",,"[{""station"":""Windsor"",""code"":""WDON"",""estimated"":""&mdash;"",""scheduled"":""2024-06-06T17:46:00Z"",""eta"":""&mdash;"",""departure"":{""estimated"":null,""scheduled"":""2024-06-06T17:46:00Z""}},{""station"":""Chatham"",""code"":""CHAT"",""estimated"":""&mdash;"",""scheduled"":""2024-06-06T18:28:00Z"",""eta"":""&mdash;"",""arrival"":{""estimated"":null,""scheduled"":""2024-06-06T18:28:00Z""},""departure"":{""estimated"":null,""scheduled"":""2024-06-06T18:31:00Z""}},{""station"":""Glencoe"",""code"":""GLNC"",""estimated"":""&mdash;"",""scheduled"":""2024-06-06T19:03:00Z"",""eta"":""&mdash;"",""arrival"":{""estimated"":null,""scheduled"":""2024-06-06T19:03:00Z""},""departure"":{""estimated"":null,""scheduled"":""2024-06-06T19:04:00Z""}},{""station"":""London"",""code"":""LNDN"",""estimated"":""&mdash;"",""scheduled"":""2024-06-06T19:38:00Z"",""eta"":""&mdash;"",""arrival"":{""estimated"":null,""scheduled"":""2024-06-06T19:38:00Z""},""departure"":{""estimated"":null,""scheduled"":""2024-06-06T19:44:00Z""}},{""station"":""Brantford"",""code"":""BRTF"",""estimated"":""&mdash;"",""scheduled"":""2024-06-06T20:39:00Z"",""eta"":""&mdash;"",""arrival"":{""estimated"":null,""scheduled"":""2024-06-06T20:39:00Z""},""departure"":{""estimated"":null,""scheduled"":""2024-06-06T20:41:00Z""}},{""station"":""Aldershot"",""code"":""ALDR"",""estimated"":""&mdash;"",""scheduled"":""2024-06-06T21:10:00Z"",""eta"":""&mdash;"",""arrival"":{""estimated"":null,""scheduled"":""2024-06-06T21:10:00Z""},""departure"":{""estimated"":null,""scheduled"":""2024-06-06T21:14:00Z""}},{""station"":""Oakville"",""code"":""OAKV"",""estimated"":""&mdash;"",""scheduled"":""2024-06-06T21:27:00Z"",""eta"":""&mdash;"",""arrival"":{""estimated"":null,""scheduled"":""2024-06-06T21:27:00Z""},""departure"":{""estimated"":null,""scheduled"":""2024-06-06T21:29:00Z""}},{""station"":""Toronto"",""code"":""TRTO"",""estimated"":""&mdash;"",""scheduled"":""2024-06-06T21:53:00Z"",""eta"":""&mdash;"",""arrival"":{""estimated"":null,""scheduled"":""2024-06-06T21:53:00Z""}}]"
"71",,,,,,false,false,"TORONTO","WINDSOR","2024-06-06",,"[{""station"":""Toronto"",""code"":""TRTO"",""estimated"":""&mdash;"",""scheduled"":""2024-06-06T10:50:00Z"",""eta"":""&mdash;"",""departure"":{""estimated"":null,""scheduled"":""2024-06-06T10:50:00Z""}},{""station"":""Oakville"",""code"":""OAKV"",""estimated"":""&mdash;"",""scheduled"":""2024-06-06T11:13:00Z"",""eta"":""&mdash;"",""arrival"":{""estimated"":null,""scheduled"":""2024-06-06T11:13:00Z""},""departure"":{""estimated"":null,""scheduled"":""2024-06-06T11:15:00Z""}},{""station"":""Aldershot"",""code"":""ALDR"",""estimated"":""&mdash;"",""scheduled"":""2024-06-06T11:29:00Z"",""eta"":""&mdash;"",""arrival"":{""estimated"":null,""scheduled"":""2024-06-06T11:29:00Z""},""departure"":{""estimated"":null,""scheduled"":""2024-06-06T11:31:00Z""}},{""station"":""Brantford"",""code"":""BRTF"",""estimated"":""&mdash;"",""scheduled"":""2024-06-06T11:55:00Z"",""eta"":""&mdash;"",""arrival"":{""estimated"":null,""scheduled"":""2024-06-06T11:55:00Z""},""departure"":{""estimated"":null,""scheduled"":""2024-06-06T11:59:00Z""}},{""station"":""Woodstock"",""code"":""WDST"",""estimated"":""&mdash;"",""scheduled"":""2024-06-06T12:30:00Z"",""eta"":""&mdash;"",""arrival"":{""estimated"":null,""scheduled"":""2024-06-06T12:30:00Z""},""departure"":{""estimated"":null,""scheduled"":""2024-06-06T12:31:00Z""}},{""station"":""Ingersoll"",""code"":""INGR"",""estimated"":""&mdash;"",""scheduled"":""2024-06-06T12:43:00Z"",""eta"":""&mdash;"",""arrival"":{""estimated"":null,""scheduled"":""2024-06-06T12:43:00Z""},""departure"":{""estimated"":null,""scheduled"":""2024-06-06T12:44:00Z""}},{""station"":""London"",""code"":""LNDN"",""estimated"":""&mdash;"",""scheduled"":""2024-06-06T13:06:00Z"",""eta"":""&mdash;"",""arrival"":{""estimated"":null,""scheduled"":""2024-06-06T13:06:00Z""},""departure"":{""estimated"":null,""scheduled"":""2024-06-06T13:11:00Z""}},{""station"":""Glencoe"",""code"":""GLNC"",""estimated"":""&mdash;"",""scheduled"":""2024-06-06T13:39:00Z"",""eta"":""&mdash;"",""arrival"":{""estimated"":null,""scheduled"":""2024-06-06T13:39:00Z""},""departure"":{""estimated"":null,""scheduled"":""2024-06-06T13:40:00Z""}},{""station"":""Chatham"",""code"":""CHAT"",""estimated"":""&mdash;"",""scheduled"":""2024-06-06T14:18:00Z"",""eta"":""&mdash;"",""arrival"":{""estimated"":null,""scheduled"":""2024-06-06T14:18:00Z""},""departure"":{""estimated"":null,""scheduled"":""2024-06-06T14:19:00Z""}},{""station"":""Windsor"",""code"":""WDON"",""estimated"":""&mdash;"",""scheduled"":""2024-06-06T15:08:00Z"",""eta"":""&mdash;"",""arrival"":{""estimated"":null,""scheduled"":""2024-06-06T15:08:00Z""}}]"
"73",,,,,,false,false,"TORONTO","WINDSOR","2024-06-06",,"[{""station"":""Toronto"",""code"":""TRTO"",""estimated"":""&mdash;"",""scheduled"":""2024-06-06T15:30:00Z"",""eta"":""&mdash;"",""departure"":{""estimated"":null,""scheduled"":""2024-06-06T15:30:00Z""}},{""station"":""Oakville"",""code"":""OAKV"",""estimated"":""&mdash;"",""scheduled"":""2024-06-06T15:51:00Z"",""eta"":""&mdash;"",""arrival"":{""estimated"":null,""scheduled"":""2024-06-06T15:51:00Z""},""departure"":{""estimated"":null,""scheduled"":""2024-06-06T15:55:00Z""}},{""station"":""Aldershot"",""code"":""ALDR"",""estimated"":""&mdash;"",""scheduled"":""2024-06-06T16:09:00Z"",""eta"":""&mdash;"",""arrival"":{""estimated"":null,""scheduled"":""2024-06-06T16:09:00Z""},""departure"":{""estimated"":null,""scheduled"":""2024-06-06T16:13:00Z""}},{""station"":""Brantford"",""code"":""BRTF"",""estimated"":""&mdash;"",""scheduled"":""2024-06-06T16:40:00Z"",""eta"":""&mdash;"",""arrival"":{""estimated"":null,""scheduled"":""2024-06-06T16:40:00Z""},""departure"":{""estimated"":null,""scheduled"":""2024-06-06T16:42:00Z""}},{""station"":""Woodstock"",""code"":""WDST"",""estimated"":""&mdash;"",""scheduled"":""2024-06-06T17:09:00Z"",""eta"":""&mdash;"",""arrival"":{""estimated"":null,""scheduled"":""2024-06-06T17:09:00Z""},""departure"":{""estimated"":null,""scheduled"":""2024-06-06T17:10:00Z""}},{""station"":""London"",""code"":""LNDN"",""estimated"":""&mdash;"",""scheduled"":""2024-06-06T17:38:00Z"",""eta"":""&mdash;"",""arrival"":{""estimated"":null,""scheduled"":""2024-06-06T17:38:00Z""},""departure"":{""estimated"":null,""scheduled"":""2024-06-06T17:45:00Z""}},{""station"":""Chatham"",""code"":""CHAT"",""estimated"":""&mdash;"",""scheduled"":""2024-06-06T18:50:00Z"",""eta"":""&mdash;"",""arrival"":{""estimated"":null,""scheduled"":""2024-06-06T18:50:00Z""},""departure"":{""estimated"":null,""scheduled"":""2024-06-06T18:54:00Z""}},{""station"":""Windsor"",""code"":""WDON"",""estimated"":""&mdash;"",""scheduled"":""2024-06-06T19:45:00Z"",""eta"":""&mdash;"",""arrival"":{""estimated"":null,""scheduled"":""2024-06-06T19:45:00Z""}}]"
"185",,,,,,false,false,"SUDBURY","WHITE RIVER","2024-06-06",,"[{""station"":""Sudbury"",""code"":""SUDB"",""estimated"":""&mdash;"",""scheduled"":""2024-06-06T13:00:00Z"",""eta"":""&mdash;"",""departure"":{""estimated"":null,""scheduled"":""2024-06-06T13:00:00Z""}},{""station"":""Azilda"",""code"":""AZIL"",""estimated"":""&mdash;"",""scheduled"":""2024-06-06T13:10:00Z"",""eta"":""&mdash;"",""arrival"":{""estimated"":null,""scheduled"":""2024-06-06T13:10:00Z""},""departure"":{""estimated"":null,""scheduled"":""2024-06-06T13:10:02Z""}},{""station"":""Chelmsford"",""code"":""CHEL"",""estimated"":""&mdash;"",""scheduled"":""2024-06-06T13:15:00Z"",""eta"":""&mdash;"",""arrival"":{""estimated"":null,""scheduled"":""2024-06-06T13:15:00Z""},""departure"":{""estimated"":null,""scheduled"":""2024-06-06T13:15:02Z""}},{""station"":""Larchwood"",""code"":""LARC"",""estimated"":""&mdash;"",""scheduled"":""2024-06-06T13:19:00Z"",""eta"":""&mdash;"",""arrival"":{""estimated"":null,""scheduled"":""2024-06-06T13:19:00Z""},""departure"":{""estimated"":null,""scheduled"":""2024-06-06T13:19:02Z""}},{""station"":""Levack"",""code"":""LEVA"",""estimated"":""&mdash;"",""scheduled"":""2024-06-06T13:30:00Z"",""eta"":""&mdash;"",""arrival"":{""estimated"":null,""scheduled"":""2024-06-06T13:30:00Z""},""departure"":{""estimated"":null,""scheduled"":""2024-06-06T13:30:02Z""}},{""station"":""Cartier"",""code"":""CART"",""estimated"":""&mdash;"",""scheduled"":""2024-06-06T13:45:00Z"",""eta"":""&mdash;"",""arrival"":{""estimated"":null,""scheduled"":""2024-06-06T13:45:00Z""},""departure"":{""estimated"":null,""scheduled"":""2024-06-06T13:50:00Z""}},{""station"":""Benny"",""code"":""BENN"",""estimated"":""&mdash;"",""scheduled"":""2024-06-06T14:05:00Z"",""eta"":""&mdash;"",""arrival"":{""estimated"":null,""scheduled"":""2024-06-06T14:05:00Z""},""departure"":{""estimated"":null,""scheduled"":""2024-06-06T14:05:02Z""}},{""station"":""Stralak"",""code"":""STRL"",""estimated"":""&mdash;"",""scheduled"":""2024-06-06T14:12:00Z"",""eta"":""&mdash;"",""arrival"":{""estimated"":null,""scheduled"":""2024-06-06T14:12:00Z""},""departure"":{""estimated"":null,""scheduled"":""2024-06-06T14:12:02Z""}},{""station"":""Pogamasing"",""code"":""POGA"",""estimated"":""&mdash;"",""scheduled"":""2024-06-06T14:25:00Z"",""eta"":""&mdash;"",""arrival"":{""estimated"":null,""scheduled"":""2024-06-06T14:25:00Z""},""departure"":{""estimated"":null,""scheduled"":""2024-06-06T14:25:02Z""}},{""station"":""Sheahan"",""code"":""SHEA"",""estimated"":""&mdash;"",""scheduled"":""2024-06-06T14:30:00Z"",""eta"":""&mdash;"",""arrival"":{""estimated"":null,""scheduled"":""2024-06-06T14:30:00Z""},""departure"":{""estimated"":null,""scheduled"":""2024-06-06T14:30:02Z""}},{""station"":""Forks"",""code"":""FRKS"",""estimated"":""&mdash;"",""scheduled"":""2024-06-06T14:40:00Z"",""eta"":""&mdash;"",""arrival"":{""estimated"":null,""scheduled"":""2024-06-06T14:40:00Z""},""departure"":{""estimated"":null,""scheduled"":""2024-06-06T14:40:02Z""}},{""station"":""Metagama"",""code"":""MTGM"",""estimated"":""&mdash;"",""scheduled"":""2024-06-06T14:50:00Z"",""eta"":""&mdash;"",""arrival"":{""estimated"":null,""scheduled"":""2024-06-06T14:50:00Z""},""departure"":{""estimated"":null,""scheduled"":""2024-06-06T14:50:02Z""}},{""station"":""Sinker"",""code"":""SNKR"",""estimated"":""&mdash;"",""scheduled"":""2024-06-06T14:55:00Z"",""eta"":""&mdash;"",""arrival"":{""estimated"":null,""scheduled"":""2024-06-06T14:55:00Z""},""departure"":{""estimated"":null,""scheduled"":""2024-06-06T14:55:02Z""}},{""station"":""Biscotasing"",""code"":""BISC"",""estimated"":""&mdash;"",""scheduled"":""2024-06-06T15:20:00Z"",""eta"":""&mdash;"",""arrival"":{""estimated"":null,""scheduled"":""2024-06-06T15:20:00Z""},""departure"":{""estimated"":null,""scheduled"":""2024-06-06T15:20:02Z""}},{""station"":""Roberts"",""code"":""RBRT"",""estimated"":""&mdash;"",""scheduled"":""2024-06-06T15:30:00Z"",""eta"":""&mdash;"",""arrival"":{""estimated"":null,""scheduled"":""2024-06-06T15:30:00Z""},""departure"":{""estimated"":null,""scheduled"":""2024-06-06T15:30:02Z""}},{""station"":""Ramsey"",""code"":""RAMS"",""estimated"":""&mdash;"",""scheduled"":""2024-06-06T15:45:00Z"",""eta"":""&mdash;"",""arrival"":{""estimated"":null,""scheduled"":""2024-06-06T15:45:00Z""},""departure"":{""estimated"":null,""scheduled"":""2024-06-06T15:45:02Z""}},{""station"":""Woman River"",""code"":""WOMR"",""estimated"":""&mdash;"",""scheduled"":""2024-06-06T16:05:00Z"",""eta"":""&mdash;"",""arrival"":{""estimated"":null,""scheduled"":""2024-06-06T16:05:00Z""},""departure"":{""estimated"":null,""scheduled"":""2024-06-06T16:05:02Z""}},{""station"":""Sultan"",""code"":""SULT"",""estimated"":""&mdash;"",""scheduled"":""2024-06-06T16:20:00Z"",""eta"":""&mdash;"",""arrival"":{""estimated"":null,""scheduled"":""2024-06-06T16:20:00Z""},""departure"":{""estimated"":null,""scheduled"":""2024-06-06T16:20:02Z""}},{""station"":""Kormak"",""code"":""KORM"",""estimated"":""&mdash;"",""scheduled"":""2024-06-06T16:35:00Z"",""eta"":""&mdash;"",""arrival"":{""estimated"":null,""scheduled"":""2024-06-06T16:35:00Z""},""departure"":{""estimated"":null,""scheduled"":""2024-06-06T16:35:02Z""}},{""station"":""Kinogama"",""code"":""KINO"",""estimated"":""&mdash;"",""scheduled"":""2024-06-06T16:40:00Z"",""eta"":""&mdash;"",""arrival"":{""estimated"":null,""scheduled"":""2024-06-06T16:40:00Z""},""departure"":{""estimated"":null,""scheduled"":""2024-06-06T16:40:02Z""}},{""station"":""Nemegos"",""code"":""NEME"",""estimated"":""&mdash;"",""scheduled"":""2024-06-06T16:55:00Z"",""eta"":""&mdash;"",""arrival"":{""estimated"":null,""scheduled"":""2024-06-06T16:55:00Z""},""departure"":{""estimated"":null,""scheduled"":""2024-06-06T16:55:02Z""}},{""station"":""Devon"",""code"":""DEVN"",""estimated"":""&mdash;"",""scheduled"":""2024-06-06T17:05:00Z"",""eta"":""&mdash;"",""arrival"":{""estimated"":null,""scheduled"":""2024-06-06T17:05:00Z""},""departure"":{""estimated"":null,""scheduled"":""2024-06-06T17:05:02Z""}},{""station"":""Chapleau"",""code"":""CHAP"",""estimated"":""&mdash;"",""scheduled"":""2024-06-06T17:20:00Z"",""eta"":""&mdash;"",""arrival"":{""estimated"":null,""scheduled"":""2024-06-06T17:20:00Z""},""departure"":{""estimated"":null,""scheduled"":""2024-06-06T17:35:00Z""}},{""station"":""Esher"",""code"":""ESHR"",""estimated"":""&mdash;"",""scheduled"":""2024-06-06T17:50:00Z"",""eta"":""&mdash;"",""arrival"":{""estimated"":null,""scheduled"":""2024-06-06T17:50:00Z""},""departure"":{""estimated"":null,""scheduled"":""2024-06-06T17:50:02Z""}},{""station"":""Musk"",""code"":""MUSK"",""estimated"":""&mdash;"",""scheduled"":""2024-06-06T18:00:00Z"",""eta"":""&mdash;"",""arrival"":{""estimated"":null,""scheduled"":""2024-06-06T18:00:00Z""},""departure"":{""estimated"":null,""scheduled"":""2024-06-06T18:00:02Z""}},{""station"":""Nicholson"",""code"":""NICH"",""estimated"":""&mdash;"",""scheduled"":""2024-06-06T18:10:00Z"",""eta"":""&mdash;"",""arrival"":{""estimated"":null,""scheduled"":""2024-06-06T18:10:00Z""},""departure"":{""estimated"":null,""scheduled"":""2024-06-06T18:10:02Z""}},{""station"":""Bolkow"",""code"":""BOLK"",""estimated"":""&mdash;"",""scheduled"":""2024-06-06T18:30:00Z"",""eta"":""&mdash;"",""arrival"":{""estimated"":null,""scheduled"":""2024-06-06T18:30:00Z""},""departure"":{""estimated"":null,""scheduled"":""2024-06-06T18:30:02Z""}},{""station"":""Dalton"",""code"":""DALT"",""estimated"":""&mdash;"",""scheduled"":""2024-06-06T18:45:00Z"",""eta"":""&mdash;"",""arrival"":{""estimated"":null,""scheduled"":""2024-06-06T18:45:00Z""},""departure"":{""estimated"":null,""scheduled"":""2024-06-06T18:45:02Z""}},{""station"":""Missanabie"",""code"":""MSBI"",""estimated"":""&mdash;"",""scheduled"":""2024-06-06T19:10:00Z"",""eta"":""&mdash;"",""arrival"":{""estimated"":null,""scheduled"":""2024-06-06T19:10:00Z""},""departure"":{""estimated"":null,""scheduled"":""2024-06-06T19:10:02Z""}},{""station"":""Lochalsh"",""code"":""LOCH"",""estimated"":""&mdash;"",""scheduled"":""2024-06-06T19:30:00Z"",""eta"":""&mdash;"",""arrival"":{""estimated"":null,""scheduled"":""2024-06-06T19:30:00Z""},""departure"":{""estimated"":null,""scheduled"":""2024-06-06T19:30:02Z""}},{""station"":""Franz"",""code"":""FRNZ"",""estimated"":""&mdash;"",""scheduled"":""2024-06-06T19:50:00Z"",""eta"":""&mdash;"",""arrival"":{""estimated"":null,""scheduled"":""2024-06-06T19:50:00Z""},""departure"":{""estimated"":null,""scheduled"":""2024-06-06T19:50:02Z""}},{""station"":""Swanson"",""code"":""SWAN"",""estimated"":""&mdash;"",""scheduled"":""2024-06-06T20:00:00Z"",""eta"":""&mdash;"",""arrival"":{""estimated"":null,""scheduled"":""2024-06-06T20:00:00Z""},""departure"":{""estimated"":null,""scheduled"":""2024-06-06T20:00:02Z""}},{""station"":""Girdwood"",""code"":""GIRD"",""estimated"":""&mdash;"",""scheduled"":""2024-06-06T20:25:00Z"",""eta"":""&mdash;"",""arrival"":{""estimated"":null,""scheduled"":""2024-06-06T20:25:00Z""},""departure"":{""estimated"":null,""scheduled"":""2024-06-06T20:25:02Z""}},{""station"":""Amyot"",""code"":""AMYO"",""estimated"":""&mdash;"",""scheduled"":""2024-06-06T20:35:00Z"",""eta"":""&mdash;"",""arrival"":{""estimated"":null,""scheduled"":""2024-06-06T20:35:00Z""},""departure"":{""estimated"":null,""scheduled"":""2024-06-06T20:35:30Z""}},{""station"":""O'Brien"",""code"":""OBRI"",""estimated"":""&mdash;"",""scheduled"":""2024-06-06T20:50:00Z"",""eta"":""&mdash;"",""arrival"":{""estimated"":null,""scheduled"":""2024-06-06T20:50:00Z""},""departure"":{""estimated"":null,""scheduled"":""2024-06-06T20:50:02Z""}},{""station"":""White River"",""code"":""WHTR"",""estimated"":""&mdash;"",""scheduled"":""2024-06-06T21:05:00Z"",""eta"":""&mdash;"",""arrival"":{""estimated"":null,""scheduled"":""2024-06-06T21:05:00Z""}}]"
"644",,,,,,false,false,"TORONTO","OTTAWA","2024-06-06",,"[{""station"":""Toronto"",""code"":""TRTO"",""estimated"":""&mdash;"",""scheduled"":""2024-06-06T17:17:00Z"",""eta"":""&mdash;"",""departure"":{""estimated"":null,""scheduled"":""2024-06-06T17:17:00Z""}},{""station"":""Guildwood"",""code"":""GUIL"",""estimated"":""&mdash;"",""scheduled"":""2024-06-06T17:36:00Z"",""eta"":""&mdash;"",""arrival"":{""estimated"":null,""scheduled"":""2024-06-06T17:36:00Z""},""departure"":{""estimated"":null,""scheduled"":""2024-06-06T17:37:00Z""}},{""station"":""Oshawa"",""code"":""OSHA"",""estimated"":""&mdash;"",""scheduled"":""2024-06-06T17:53:00Z"",""eta"":""&mdash;"",""arrival"":{""estimated"":null,""scheduled"":""2024-06-06T17:53:00Z""},""departure"":{""estimated"":null,""scheduled"":""2024-06-06T17:55:00Z""}},{""station"":""Cobourg"",""code"":""CBRG"",""estimated"":""&mdash;"",""scheduled"":""2024-06-06T18:27:00Z"",""eta"":""&mdash;"",""arrival"":{""estimated"":null,""scheduled"":""2024-06-06T18:27:00Z""},""departure"":{""estimated"":null,""scheduled"":""2024-06-06T18:29:00Z""}},{""station"":""Belleville"",""code"":""BLVL"",""estimated"":""&mdash;"",""scheduled"":""2024-06-06T19:04:00Z"",""eta"":""&mdash;"",""arrival"":{""estimated"":null,""scheduled"":""2024-06-06T19:04:00Z""},""departure"":{""estimated"":null,""scheduled"":""2024-06-06T19:06:00Z""}},{""station"":""Kingston"",""code"":""KGON"",""estimated"":""&mdash;"",""scheduled"":""2024-06-06T19:42:00Z"",""eta"":""&mdash;"",""arrival"":{""estimated"":null,""scheduled"":""2024-06-06T19:42:00Z""},""departure"":{""estimated"":null,""scheduled"":""2024-06-06T19:45:00Z""}},{""station"":""Fallowfield"",""code"":""FALL"",""estimated"":""&mdash;"",""scheduled"":""2024-06-06T21:33:00Z"",""eta"":""&mdash;"",""arrival"":{""estimated"":null,""scheduled"":""2024-06-06T21:33:00Z""},""departure"":{""estimated"":null,""scheduled"":""2024-06-06T21:36:00Z""}},{""station"":""Ottawa"",""code"":""OTTW"",""estimated"":""&mdash;"",""scheduled"":""2024-06-06T21:53:00Z"",""eta"":""&mdash;"",""arrival"":{""estimated"":null,""scheduled"":""2024-06-06T21:53:00Z""}}]"
"84",,,,,,false,false,"SARNIA","TORONTO","2024-06-06",,"[{""station"":""Sarnia"",""code"":""SARN"",""estimated"":""&mdash;"",""scheduled"":""2024-06-06T12:40:00Z"",""eta"":""&mdash;"",""departure"":{""estimated"":null,""scheduled"":""2024-06-06T12:40:00Z""}},{""station"":""Wyoming"",""code"":""WYOM"",""estimated"":""&mdash;"",""scheduled"":""2024-06-06T12:55:00Z"",""eta"":""&mdash;"",""arrival"":{""estimated"":null,""scheduled"":""2024-06-06T12:55:00Z""},""departure"":{""estimated"":null,""scheduled"":""2024-06-06T12:56:00Z""}},{""station"":""Strathroy"",""code"":""STRR"",""estimated"":""&mdash;"",""scheduled"":""2024-06-06T13:27:00Z"",""eta"":""&mdash;"",""arrival"":{""estimated"":null,""scheduled"":""2024-06-06T13:27:00Z""},""departure"":{""estimated"":null,""scheduled"":""2024-06-06T13:29:00Z""}},{""station"":""London"",""code"":""LNDN"",""estimated"":""&mdash;"",""scheduled"":""2024-06-06T13:52:00Z"",""eta"":""&mdash;"",""arrival"":{""estimated"":null,""scheduled"":""2024-06-06T13:52:00Z""},""departure"":{""estimated"":null,""scheduled"":""2024-06-06T13:54:00Z""}},{""station"":""St.Marys"",""code"":""SMYS"",""estimated"":""&mdash;"",""scheduled"":""2024-06-06T14:45:00Z"",""eta"":""&mdash;"",""arrival"":{""estimated"":null,""scheduled"":""2024-06-06T14:45:00Z""},""departure"":{""estimated"":null,""scheduled"":""2024-06-06T14:46:00Z""}},{""station"":""Stratford"",""code"":""STRF"",""estimated"":""&mdash;"",""scheduled"":""2024-06-06T15:14:00Z"",""eta"":""&mdash;"",""arrival"":{""estimated"":null,""scheduled"":""2024-06-06T15:14:00Z""},""departure"":{""estimated"":null,""scheduled"":""2024-06-06T15:16:00Z""}},{""station"":""Kitchener"",""code"":""KITC"",""estimated"":""&mdash;"",""scheduled"":""2024-06-06T16:02:00Z"",""eta"":""&mdash;"",""arrival"":{""estimated"":null,""scheduled"":""2024-06-06T16:02:00Z""},""departure"":{""estimated"":null,""scheduled"":""2024-06-06T16:04:00Z""}},{""station"":""Guelph"",""code"":""GUEL"",""estimated"":""&mdash;"",""scheduled"":""2024-06-06T16:24:00Z"",""eta"":""&mdash;"",""arrival"":{""estimated"":null,""scheduled"":""2024-06-06T16:24:00Z""},""departure"":{""estimated"":null,""scheduled"":""2024-06-06T16:26:00Z""}},{""station"":""Georgetown"",""code"":""GEOR"",""estimated"":""&mdash;"",""scheduled"":""2024-06-06T16:47:00Z"",""eta"":""&mdash;"",""arrival"":{""estimated"":null,""scheduled"":""2024-06-06T16:47:00Z""},""departure"":{""estimated"":null,""scheduled"":""2024-06-06T16:49:00Z""}},{""station"":""Brampton"",""code"":""BRMP"",""estimated"":""&mdash;"",""scheduled"":""2024-06-06T16:59:00Z"",""eta"":""&mdash;"",""arrival"":{""estimated"":null,""scheduled"":""2024-06-06T16:59:00Z""},""departure"":{""estimated"":null,""scheduled"":""2024-06-06T17:01:00Z""}},{""station"":""Malton"",""code"":""MALT"",""estimated"":""&mdash;"",""scheduled"":""2024-06-06T17:11:00Z"",""eta"":""&mdash;"",""arrival"":{""estimated"":null,""scheduled"":""2024-06-06T17:11:00Z""},""departure"":{""estimated"":null,""scheduled"":""2024-06-06T17:13:00Z""}},{""station"":""Toronto"",""code"":""TRTO"",""estimated"":""&mdash;"",""scheduled"":""2024-06-06T17:38:00Z"",""eta"":""&mdash;"",""arrival"":{""estimated"":null,""scheduled"":""2024-06-06T17:38:00Z""}}]"
"82",,,,,,false,false,"LONDON","TORONTO","2024-06-06",,"[{""station"":""London"",""code"":""LNDN"",""estimated"":""&mdash;"",""scheduled"":""2024-06-06T10:25:00Z"",""eta"":""&mdash;"",""departure"":{""estimated"":null,""scheduled"":""2024-06-06T10:25:00Z""}},{""station"":""Woodstock"",""code"":""WDST"",""estimated"":""&mdash;"",""scheduled"":""2024-06-06T10:53:00Z"",""eta"":""&mdash;"",""arrival"":{""estimated"":null,""scheduled"":""2024-06-06T10:53:00Z""},""departure"":{""estimated"":null,""scheduled"":""2024-06-06T10:55:00Z""}},{""station"":""Brantford"",""code"":""BRTF"",""estimated"":""&mdash;"",""scheduled"":""2024-06-06T11:23:00Z"",""eta"":""&mdash;"",""arrival"":{""estimated"":null,""scheduled"":""2024-06-06T11:23:00Z""},""departure"":{""estimated"":null,""scheduled"":""2024-06-06T11:27:00Z""}},{""station"":""Toronto"",""code"":""TRTO"",""estimated"":""&mdash;"",""scheduled"":""2024-06-06T12:35:00Z"",""eta"":""&mdash;"",""arrival"":{""estimated"":null,""scheduled"":""2024-06-06T12:35:00Z""}}]"
"643",,,,,,false,false,"OTTAWA","TORONTO","2024-06-06",,"[{""station"":""Ottawa"",""code"":""OTTW"",""estimated"":""&mdash;"",""scheduled"":""2024-06-06T12:34:00Z"",""eta"":""&mdash;"",""departure"":{""estimated"":null,""scheduled"":""2024-06-06T12:34:00Z""}},{""station"":""Fallowfield"",""code"":""FALL"",""estimated"":""&mdash;"",""scheduled"":""2024-06-06T12:51:00Z"",""eta"":""&mdash;"",""arrival"":{""estimated"":null,""scheduled"":""2024-06-06T12:51:00Z""},""departure"":{""estimated"":null,""scheduled"":""2024-06-06T12:55:00Z""}},{""station"":""Smiths Falls"",""code"":""SMTF"",""estimated"":""&mdash;"",""scheduled"":""2024-06-06T13:21:00Z"",""eta"":""&mdash;"",""arrival"":{""estimated"":null,""scheduled"":""2024-06-06T13:21:00Z""},""departure"":{""estimated"":null,""scheduled"":""2024-06-06T13:24:00Z""}},{""station"":""Brockville"",""code"":""BRKV"",""estimated"":""&mdash;"",""scheduled"":""2024-06-06T13:51:00Z"",""eta"":""&mdash;"",""arrival"":{""estimated"":null,""scheduled"":""2024-06-06T13:51:00Z""},""departure"":{""estimated"":null,""scheduled"":""2024-06-06T13:53:00Z""}},{""station"":""Kingston"",""code"":""KGON"",""estimated"":""&mdash;"",""scheduled"":""2024-06-06T14:33:00Z"",""eta"":""&mdash;"",""arrival"":{""estimated"":null,""scheduled"":""2024-06-06T14:33:00Z""},""departure"":{""estimated"":null,""scheduled"":""2024-06-06T14:36:00Z""}},{""station"":""Napanee"",""code"":""NAPN"",""estimated"":""&mdash;"",""scheduled"":""2024-06-06T14:56:00Z"",""eta"":""&mdash;"",""arrival"":{""estimated"":null,""scheduled"":""2024-06-06T14:56:00Z""},""departure"":{""estimated"":null,""scheduled"":""2024-06-06T14:57:00Z""}},{""station"":""Belleville"",""code"":""BLVL"",""estimated"":""&mdash;"",""scheduled"":""2024-06-06T15:18:00Z"",""eta"":""&mdash;"",""arrival"":{""estimated"":null,""scheduled"":""2024-06-06T15:18:00Z""},""departure"":{""estimated"":null,""scheduled"":""2024-06-06T15:20:00Z""}},{""station"":""Trenton Jct."",""code"":""TRNJ"",""estimated"":""&mdash;"",""scheduled"":""2024-06-06T15:31:00Z"",""eta"":""&mdash;"",""arrival"":{""estimated"":null,""scheduled"":""2024-06-06T15:31:00Z""},""departure"":{""estimated"":null,""scheduled"":""2024-06-06T15:32:00Z""}},{""station"":""Cobourg"",""code"":""CBRG"",""estimated"":""&mdash;"",""scheduled"":""2024-06-06T15:56:00Z"",""eta"":""&mdash;"",""arrival"":{""estimated"":null,""scheduled"":""2024-06-06T15:56:00Z""},""departure"":{""estimated"":null,""scheduled"":""2024-06-06T15:58:00Z""}},{""station"":""Port Hope"",""code"":""PHOP"",""estimated"":""&mdash;"",""scheduled"":""2024-06-06T16:05:00Z"",""eta"":""&mdash;"",""arrival"":{""estimated"":null,""scheduled"":""2024-06-06T16:05:00Z""},""departure"":{""estimated"":null,""scheduled"":""2024-06-06T16:06:00Z""}},{""station"":""Oshawa"",""code"":""OSHA"",""estimated"":""&mdash;"",""scheduled"":""2024-06-06T16:35:00Z"",""eta"":""&mdash;"",""arrival"":{""estimated"":null,""scheduled"":""2024-06-06T16:35:00Z""},""departure"":{""estimated"":null,""scheduled"":""2024-06-06T16:38:00Z""}},{""station"":""Guildwood"",""code"":""GUIL"",""estimated"":""&mdash;"",""scheduled"":""2024-06-06T16:58:00Z"",""eta"":""&mdash;"",""arrival"":{""estimated"":null,""scheduled"":""2024-06-06T16:58:00Z""},""departure"":{""estimated"":null,""scheduled"":""2024-06-06T17:00:00Z""}},{""station"":""Toronto"",""code"":""TRTO"",""estimated"":""&mdash;"",""scheduled"":""2024-06-06T17:18:00Z"",""eta"":""&mdash;"",""arrival"":{""estimated"":null,""scheduled"":""2024-06-06T17:18:00Z""}}]"
"641",45.3127,-75.7265,95,208,"2024-06-06T08:34:12Z",true,false,"OTTAWA","TORONTO","2024-06-06",0,"[{""station"":""Ottawa"",""code"":""OTTW"",""estimated"":""2024-06-06T08:19:12Z"",""scheduled"":""2024-06-06T08:19:00Z"",""eta"":""ARR"",""departure"":{""estimated"":""2024-06-06T08:19:12Z"",""scheduled"":""2024-06-06T08:19:00Z""},""diff"":""goo"",""diffMin"":0},{""station"":""Fallowfield"",""code"":""FALL"",""estimated"":""2024-06-06T08:36:15Z"",""scheduled"":""2024-06-06T08:36:00Z"",""eta"":""1 min"",""arrival"":{""estimated"":""2024-06-06T08:36:15Z"",""scheduled"":""2024-06-06T08:36:00Z""},""departure"":{""estimated"":""2024-06-06T08:38:15Z"",""scheduled"":""2024-06-06T08:38:00Z""},""diff"":""goo"",""diffMin"":0},{""station"":""Smiths Falls"",""code"":""SMTF"",""estimated"":""2024-06-06T09:04:15Z"",""scheduled"":""2024-06-06T09:04:00Z"",""eta"":""29 mins"",""arrival"":{""estimated"":""2024-06-06T09:04:15Z"",""scheduled"":""2024-06-06T09:04:00Z""},""departure"":{""estimated"":""2024-06-06T09:05:15Z"",""scheduled"":""2024-06-06T09:05:00Z""},""diff"":""goo"",""diffMin"":0},{""station"":""Brockville"",""code"":""BRKV"",""estimated"":""2024-06-06T09:33:15Z"",""scheduled"":""2024-06-06T09:33:00Z"",""eta"":""58 mins"",""arrival"":{""estimated"":""2024-06-06T09:33:15Z"",""scheduled"":""2024-06-06T09:33:00Z""},""departure"":{""estimated"":""2024-06-06T09:35:15Z"",""scheduled"":""2024-06-06T09:35:00Z""},""diff"":""goo"",""diffMin"":0},{""station"":""Kingston"",""code"":""KGON"",""estimated"":""2024-06-06T10:15:15Z"",""scheduled"":""2024-06-06T10:15:00Z"",""eta"":""1h40"",""arrival"":{""estimated"":""2024-06-06T10:15:15Z"",""scheduled"":""2024-06-06T10:15:00Z""},""departure"":{""estimated"":""2024-06-06T10:18:15Z"",""scheduled"":""2024-06-06T10:18:00Z""},""diff"":""goo"",""diffMin"":0},{""station"":""Belleville"",""code"":""BLVL"",""estimated"":""2024-06-06T10:57:15Z"",""scheduled"":""2024-06-06T10:57:00Z"",""eta"":""2h22"",""arrival"":{""estimated"":""2024-06-06T10:57:15Z"",""scheduled"":""2024-06-06T10:57:00Z""},""departure"":{""estimated"":""2024-06-06T11:00:15Z"",""scheduled"":""2024-06-06T11:00:00Z""},""diff"":""goo"",""diffMin"":0},{""station"":""Cobourg"",""code"":""CBRG"",""estimated"":""2024-06-06T11:32:15Z"",""scheduled"":""2024-06-06T11:32:00Z"",""eta"":""2h57"",""arrival"":{""estimated"":""2024-06-06T11:32:15Z"",""scheduled"":""2024-06-06T11:32:00Z""},""departure"":{""estimated"":""2024-06-06T11:35:15Z"",""scheduled"":""2024-06-06T11:35:00Z""},""diff"":""goo"",""diffMin"":0},{""station"":""Port Hope"",""code"":""PHOP"",""estimated"":""2024-06-06T11:42:15Z"",""scheduled"":""2024-06-06T11:42:00Z"",""eta"":""3h07"",""arrival"":{""estimated"":""2024-06-06T11:42:15Z"",""scheduled"":""2024-06-06T11:42:00Z""},""departure"":{""estimated"":""2024-06-06T11:44:15Z"",""scheduled"":""2024-06-06T11:44:00Z""},""diff"":""goo"",""diffMin"":0},{""station"":""Toronto"",""code"":""TRTO"",""estimated"":""2024-06-06T12:48:15Z"",""scheduled"":""2024-06-06T12:48:00Z"",""eta"":""4h13"",""arrival"":{""estimated"":""2024-06-06T12:48:15Z"",""scheduled"":""2024-06-06T12:48:00Z""},""diff"":""goo"",""diffMin"":0}]"
"65",,,,,,false,false,"MONTRÉAL","TORONTO","2024-06-06",,"[{""station"":""Montréal"",""code"":""MTRL"",""estimated"":""&mdash;"",""scheduled"":""2024-06-06T15:00:00Z"",""eta"":""&mdash;"",""departure"":{""estimated"":null,""scheduled"":""2024-06-06T15:00:00Z""}},{""station"":""Dorval"",""code"":""DORV"",""estimated"":""&mdash;"",""scheduled"":""2024-06-06T15:22:00Z"",""eta"":""&mdash;"",""arrival"":{""estimated"":null,""scheduled"":""2024-06-06T15:22:00Z""},""departure"":{""estimated"":null,""scheduled"":""2024-06-06T15:26:00Z""}},{""station"":""Cornwall"",""code"":""CWLL"",""estimated"":""&mdash;"",""scheduled"":""2024-06-06T16:14:00Z"",""eta"":""&mdash;"",""arrival"":{""estimated"":null,""scheduled"":""2024-06-06T16:14:00Z""},""departure"":{""estimated"":null,""scheduled"":""2024-06-06T16:17:00Z""}},{""station"":""Kingston"",""code"":""KGON"",""estimated"":""&mdash;"",""scheduled"":""2024-06-06T17:41:00Z"",""eta"":""&mdash;"",""arrival"":{""estimated"":null,""scheduled"":""2024-06-06T17:41:00Z""},""departure"":{""estimated"":null,""scheduled"":""2024-06-06T17:45:00Z""}},{""station"":""Belleville"",""code"":""BLVL"",""estimated"":""&mdash;"",""scheduled"":""2024-06-06T18:25:00Z"",""eta"":""&mdash;"",""arrival"":{""estimated"":null,""scheduled"":""2024-06-06T18:25:00Z""},""departure"":{""estimated"":null,""scheduled"":""2024-06-06T18:27:00Z""}},{""station"":""Cobourg"",""code"":""CBRG"",""estimated"":""&mdash;"",""scheduled"":""2024-06-06T19:02:00Z"",""eta"":""&mdash;"",""arrival"":{""estimated"":null,""scheduled"":""2024-06-06T19:02:00Z""},""departure"":{""estimated"":null,""scheduled"":""2024-06-06T19:04:00Z""}},{""station"":""Oshawa"",""code"":""OSHA"",""estimated"":""&mdash;"",""scheduled"":""2024-06-06T19:37:00Z"",""eta"":""&mdash;"",""arrival"":{""estimated"":null,""scheduled"":""2024-06-06T19:37:00Z""},""departure"":{""estimated"":null,""scheduled"":""2024-06-06T19:39:00Z""}},{""station"":""Guildwood"",""code"":""GUIL"",""estimated"":""&mdash;"",""scheduled"":""2024-06-06T19:58:00Z"",""eta"":""&mdash;"",""arrival"":{""estimated"":null,""scheduled"":""2024-06-06T19:58:00Z""},""departure"":{""estimated"":null,""scheduled"":""2024-06-06T20:00:00Z""}},{""station"":""Toronto"",""code"":""TRTO"",""estimated"":""&mdash;"",""scheduled"":""2024-06-06T20:18:00Z"",""eta"":""&mdash;"",""arrival"":{""estimated"":null,""scheduled"":""2024-06-06T20:18:00Z""}}]"
"20",,,,,,false,false,"MONTRÉAL","QUÉBEC","2024-06-06",,"[{""station"":""Montréal"",""code"":""MTRL"",""estimated"":""2024-06-06T10:25:00Z"",""scheduled"":""2024-06-06T10:25:00Z"",""eta"":""1h50"",""departure"":{""estimated"":""2024-06-06T10:25:00Z"",""scheduled"":""2024-06-06T10:25:00Z""},""diff"":""goo"",""diffMin"":0},{""station"":""St. Lambert"",""code"":""SLAM"",""estimated"":""2024-06-06T10:38:00Z"",""scheduled"":""2024-06-06T10:38:00Z"",""eta"":""2h03"",""arrival"":{""estimated"":""2024-06-06T10:38:00Z"",""scheduled"":""2024-06-06T10:38:00Z""},""departure"":{""estimated"":""2024-06-06T10:40:00Z"",""scheduled"":""2024-06-06T10:40:00Z""},""diff"":""goo"",""diffMin"":0},{""station"":""St. Hyacinthe"",""code"":""SHYA"",""estimated"":""2024-06-06T11:06:00Z"",""scheduled"":""2024-06-06T11:06:00Z"",""eta"":""2h31"",""arrival"":{""estimated"":""2024-06-06T11:06:00Z"",""scheduled"":""2024-06-06T11:06:00Z""},""departure"":{""estimated"":""2024-06-06T11:08:00Z"",""scheduled"":""2024-06-06T11:08:00Z""},""diff"":""goo"",""diffMin"":0},{""station"":""Drummondville"",""code"":""DRMV"",""estimated"":""2024-06-06T11:43:00Z"",""scheduled"":""2024-06-06T11:43:00Z"",""eta"":""3h08"",""arrival"":{""estimated"":""2024-06-06T11:43:00Z"",""scheduled"":""2024-06-06T11:43:00Z""},""departure"":{""estimated"":""2024-06-06T11:45:00Z"",""scheduled"":""2024-06-06T11:45:00Z""},""diff"":""goo"",""diffMin"":0},{""station"":""Ste-Foy"",""code"":""SFOY"",""estimated"":""2024-06-06T13:25:00Z"",""scheduled"":""2024-06-06T13:25:00Z"",""eta"":""4h50"",""arrival"":{""estimated"":""2024-06-06T13:25:00Z"",""scheduled"":""2024-06-06T13:25:00Z""},""departure"":{""estimated"":""2024-06-06T13:27:00Z"",""scheduled"":""2024-06-06T13:27:00Z""},""diff"":""goo"",""diffMin"":0},{""station"":""Québec"",""code"":""QBEC"",""estimated"":""2024-06-06T13:52:00Z"",""scheduled"":""2024-06-06T13:52:00Z"",""eta"":""5h17"",""arrival"":{""estimated"":""2024-06-06T13:52:00Z"",""scheduled"":""2024-06-06T13:52:00Z""},""diff"":""goo"",""diffMin"":0}]"
"37",,,,,,false,false,"QUÉBEC","OTTAWA","2024-06-06",,"[{""station"":""Québec"",""code"":""QBEC"",""estimated"":""&mdash;"",""scheduled"":""2024-06-06T16:32:00Z"",""eta"":""&mdash;"",""departure"":{""estimated"":null,""scheduled"":""2024-06-06T16:32:00Z""}},{""station"":""Ste-Foy"",""code"":""SFOY"",""estimated"":""&mdash;"",""scheduled"":""2024-06-06T16:57:00Z"",""eta"":""&mdash;"",""arrival"":{""estimated"":null,""scheduled"":""2024-06-06T16:57:00Z""},""departure"":{""estimated"":null,""scheduled"":""2024-06-06T17:00:00Z""}},{""station"":""Drummondville"",""code"":""DRMV"",""estimated"":""&mdash;"",""scheduled"":""2024-06-06T18:44:00Z"",""eta"":""&mdash;"",""arrival"":{""estimated"":null,""scheduled"":""2024-06-06T18:44:00Z""},""departure"":{""estimated"":null,""scheduled"":""2024-06-06T18:46:00Z""}},{""station"":""St. Hyacinthe"",""code"":""SHYA"",""estimated"":""&mdash;"",""scheduled"":""2024-06-06T19:12:00Z"",""eta"":""&mdash;"",""arrival"":{""estimated"":null,""scheduled"":""2024-06-06T19:12:00Z""},""departure"":{""estimated"":null,""scheduled"":""2024-06-06T19:14:00Z""}},{""station"":""St. Lambert"",""code"":""SLAM"",""estimated"":""&mdash;"",""scheduled"":""2024-06-06T19:39:00Z"",""eta"":""&mdash;"",""arrival"":{""estimated"":null,""scheduled"":""2024-06-06T19:39:00Z""},""departure"":{""estimated"":null,""scheduled"":""2024-06-06T19:41:00Z""}},{""station"":""Montréal"",""code"":""MTRL"",""estimated"":""&mdash;"",""scheduled"":""2024-06-06T19:54:00Z"",""eta"":""&mdash;"",""arrival"":{""estimated"":null,""scheduled"":""2024-06-06T19:54:00Z""},""departure"":{""estimated"":""2024-06-06T20:30:00Z"",""scheduled"":""2024-06-06T20:30:00Z""}},{""station"":""Dorval"",""code"":""DORV"",""estimated"":""2024-06-06T20:54:00Z"",""scheduled"":""2024-06-06T20:54:00Z"",""eta"":""12h19"",""arrival"":{""estimated"":""2024-06-06T20:54:00Z"",""scheduled"":""2024-06-06T20:54:00Z""},""departure"":{""estimated"":""2024-06-06T20:59:00Z"",""scheduled"":""2024-06-06T20:59:00Z""},""diff"":""goo"",""diffMin"":0},{""station"":""Coteau"",""code"":""COTO"",""estimated"":""2024-06-06T21:23:00Z"",""scheduled"":""2024-06-06T21:23:00Z"",""eta"":""12h48"",""arrival"":{""estimated"":""2024-06-06T21:23:00Z"",""scheduled"":""2024-06-06T21:23:00Z""},""departure"":{""estimated"":""2024-06-06T21:24:00Z"",""scheduled"":""2024-06-06T21:24:00Z""},""diff"":""goo"",""diffMin"":0},{""station"":""Alexandria"",""code"":""ALEX"",""estimated"":""2024-06-06T21:45:00Z"",""scheduled"":""2024-06-06T21:45:00Z"",""eta"":""13h10"",""arrival"":{""estimated"":""2024-06-06T21:45:00Z"",""scheduled"":""2024-06-06T21:45:00Z""},""departure"":{""estimated"":""2024-06-06T21:46:00Z"",""scheduled"":""2024-06-06T21:46:00Z""},""diff"":""goo"",""diffMin"":0}]"
"97",,,,,,false,false,"TORONTO","NIAGARA FALLS","2024-06-06",,"[{""station"":""Toronto"",""code"":""TRTO"",""estimated"":""&mdash;"",""scheduled"":""2024-06-06T12:20:00Z"",""eta"":""&mdash;"",""departure"":{""estimated"":null,""scheduled"":""2024-06-06T12:20:00Z""}},{""station"":""Oakville"",""code"":""OAKV"",""estimated"":""&mdash;"",""scheduled"":""2024-06-06T12:43:00Z"",""eta"":""&mdash;"",""arrival"":{""estimated"":null,""scheduled"":""2024-06-06T12:43:00Z""},""departure"":{""estimated"":null,""scheduled"":""2024-06-06T12:45:00Z""}},{""station"":""Aldershot"",""code"":""ALDR"",""estimated"":""&mdash;"",""scheduled"":""2024-06-06T12:56:00Z"",""eta"":""&mdash;"",""arrival"":{""estimated"":null,""scheduled"":""2024-06-06T12:56:00Z""},""departure"":{""estimated"":null,""scheduled"":""2024-06-06T13:01:00Z""}},{""station"":""Grimsby"",""code"":""GRIM"",""estimated"":""&mdash;"",""scheduled"":""2024-06-06T13:37:00Z"",""eta"":""&mdash;"",""arrival"":{""estimated"":null,""scheduled"":""2024-06-06T13:37:00Z""},""departure"":{""estimated"":null,""scheduled"":""2024-06-06T13:38:00Z""}},{""station"":""St. Catharines"",""code"":""SCAT"",""estimated"":""&mdash;"",""scheduled"":""2024-06-06T13:57:00Z"",""eta"":""&mdash;"",""arrival"":{""estimated"":null,""scheduled"":""2024-06-06T13:57:00Z""},""departure"":{""estimated"":null,""scheduled"":""2024-06-06T13:58:00Z""}},{""station"":""Niagara Falls"",""code"":""NIAG"",""estimated"":""&mdash;"",""scheduled"":""2024-06-06T14:20:00Z"",""eta"":""&mdash;"",""arrival"":{""estimated"":null,""scheduled"":""2024-06-06T14:20:00Z""}}]"
"42",,,,,,false,false,"TORONTO","OTTAWA","2024-06-06",,"[{""station"":""Toronto"",""code"":""TRTO"",""estimated"":""&mdash;"",""scheduled"":""2024-06-06T16:17:00Z"",""eta"":""&mdash;"",""departure"":{""estimated"":null,""scheduled"":""2024-06-06T16:17:00Z""}},{""station"":""Guildwood"",""code"":""GUIL"",""estimated"":""&mdash;"",""scheduled"":""2024-06-06T16:34:00Z"",""eta"":""&mdash;"",""arrival"":{""estimated"":null,""scheduled"":""2024-06-06T16:34:00Z""},""departure"":{""estimated"":null,""scheduled"":""2024-06-06T16:37:00Z""}},{""station"":""Oshawa"",""code"":""OSHA"",""estimated"":""&mdash;"",""scheduled"":""2024-06-06T16:56:00Z"",""eta"":""&mdash;"",""arrival"":{""estimated"":null,""scheduled"":""2024-06-06T16:56:00Z""},""departure"":{""estimated"":null,""scheduled"":""2024-06-06T16:59:00Z""}},{""station"":""Port Hope"",""code"":""PHOP"",""estimated"":""&mdash;"",""scheduled"":""2024-06-06T17:27:00Z"",""eta"":""&mdash;"",""arrival"":{""estimated"":null,""scheduled"":""2024-06-06T17:27:00Z""},""departure"":{""estimated"":null,""scheduled"":""2024-06-06T17:28:00Z""}},{""station"":""Cobourg"",""code"":""CBRG"",""estimated"":""&mdash;"",""scheduled"":""2024-06-06T17:36:00Z"",""eta"":""&mdash;"",""arrival"":{""estimated"":null,""scheduled"":""2024-06-06T17:36:00Z""},""departure"":{""estimated"":null,""scheduled"":""2024-06-06T17:38:00Z""}},{""station"":""Trenton Jct."",""code"":""TRNJ"",""estimated"":""&mdash;"",""scheduled"":""2024-06-06T18:04:00Z"",""eta"":""&mdash;"",""arrival"":{""estimated"":null,""scheduled"":""2024-06-06T18:04:00Z""},""departure"":{""estimated"":null,""scheduled"":""2024-06-06T18:05:00Z""}},{""station"":""Belleville"",""code"":""BLVL"",""estimated"":""&mdash;"",""scheduled"":""2024-06-06T18:17:00Z"",""eta"":""&mdash;"",""arrival"":{""estimated"":null,""scheduled"":""2024-06-06T18:17:00Z""},""departure"":{""estimated"":null,""scheduled"":""2024-06-06T18:19:00Z""}},{""station"":""Napanee"",""code"":""NAPN"",""estimated"":""&mdash;"",""scheduled"":""2024-06-06T18:37:00Z"",""eta"":""&mdash;"",""arrival"":{""estimated"":null,""scheduled"":""2024-06-06T18:37:00Z""},""departure"":{""estimated"":null,""scheduled"":""2024-06-06T18:38:00Z""}},{""station"":""Kingston"",""code"":""KGON"",""estimated"":""&mdash;"",""scheduled"":""2024-06-06T18:58:00Z"",""eta"":""&mdash;"",""arrival"":{""estimated"":null,""scheduled"":""2024-06-06T18:58:00Z""},""departure"":{""estimated"":null,""scheduled"":""2024-06-06T19:01:00Z""}},{""station"":""Gananoque"",""code"":""GANA"",""estimated"":""&mdash;"",""scheduled"":""2024-06-06T19:21:00Z"",""eta"":""&mdash;"",""arrival"":{""estimated"":null,""scheduled"":""2024-06-06T19:21:00Z""},""departure"":{""estimated"":null,""scheduled"":""2024-06-06T19:22:00Z""}},{""station"":""Brockville"",""code"":""BRKV"",""estimated"":""&mdash;"",""scheduled"":""2024-06-06T19:49:00Z"",""eta"":""&mdash;"",""arrival"":{""estimated"":null,""scheduled"":""2024-06-06T19:49:00Z""},""departure"":{""estimated"":null,""scheduled"":""2024-06-06T19:51:00Z""}},{""station"":""Smiths Falls"",""code"":""SMTF"",""estimated"":""&mdash;"",""scheduled"":""2024-06-06T20:26:00Z"",""eta"":""&mdash;"",""arrival"":{""estimated"":null,""scheduled"":""2024-06-06T20:26:00Z""},""departure"":{""estimated"":null,""scheduled"":""2024-06-06T20:28:00Z""}},{""station"":""Fallowfield"",""code"":""FALL"",""estimated"":""&mdash;"",""scheduled"":""2024-06-06T20:54:00Z"",""eta"":""&mdash;"",""arrival"":{""estimated"":null,""scheduled"":""2024-06-06T20:54:00Z""},""departure"":{""estimated"":null,""scheduled"":""2024-06-06T20:57:00Z""}},{""station"":""Ottawa"",""code"":""OTTW"",""estimated"":""&mdash;"",""scheduled"":""2024-06-06T21:16:00Z"",""eta"":""&mdash;"",""arrival"":{""estimated"":null,""scheduled"":""2024-06-06T21:16:00Z""}}]"
"52",,,,,,false,false,"TORONTO","OTTAWA","2024-06-06",,"[{""station"":""Toronto"",""code"":""TRTO"",""estimated"":""&mdash;"",""scheduled"":""2024-06-06T12:32:00Z"",""eta"":""&mdash;"",""departure"":{""estimated"":null,""scheduled"":""2024-06-06T12:32:00Z""}},{""station"":""Guildwood"",""code"":""GUIL"",""estimated"":""&mdash;"",""scheduled"":""2024-06-06T12:49:00Z"",""eta"":""&mdash;"",""arrival"":{""estimated"":null,""scheduled"":""2024-06-06T12:49:00Z""},""departure"":{""estimated"":null,""scheduled"":""2024-06-06T12:52:00Z""}},{""station"":""Oshawa"",""code"":""OSHA"",""estimated"":""&mdash;"",""scheduled"":""2024-06-06T13:08:00Z"",""eta"":""&mdash;"",""arrival"":{""estimated"":null,""scheduled"":""2024-06-06T13:08:00Z""},""departure"":{""estimated"":null,""scheduled"":""2024-06-06T13:11:00Z""}},{""station"":""Cobourg"",""code"":""CBRG"",""estimated"":""&mdash;"",""scheduled"":""2024-06-06T13:41:00Z"",""eta"":""&mdash;"",""arrival"":{""estimated"":null,""scheduled"":""2024-06-06T13:41:00Z""},""departure"":{""estimated"":null,""scheduled"":""2024-06-06T13:43:00Z""}},{""station"":""Belleville"",""code"":""BLVL"",""estimated"":""&mdash;"",""scheduled"":""2024-06-06T14:17:00Z"",""eta"":""&mdash;"",""arrival"":{""estimated"":null,""scheduled"":""2024-06-06T14:17:00Z""},""departure"":{""estimated"":null,""scheduled"":""2024-06-06T14:18:00Z""}},{""station"":""Kingston"",""code"":""KGON"",""estimated"":""&mdash;"",""scheduled"":""2024-06-06T14:53:00Z"",""eta"":""&mdash;"",""arrival"":{""estimated"":null,""scheduled"":""2024-06-06T14:53:00Z""},""departure"":{""estimated"":null,""scheduled"":""2024-06-06T14:57:00Z""}},{""station"":""Brockville"",""code"":""BRKV"",""estimated"":""&mdash;"",""scheduled"":""2024-06-06T15:51:00Z"",""eta"":""&mdash;"",""arrival"":{""estimated"":null,""scheduled"":""2024-06-06T15:51:00Z""},""departure"":{""estimated"":null,""scheduled"":""2024-06-06T15:53:00Z""}},{""station"":""Smiths Falls"",""code"":""SMTF"",""estimated"":""&mdash;"",""scheduled"":""2024-06-06T16:22:00Z"",""eta"":""&mdash;"",""arrival"":{""estimated"":null,""scheduled"":""2024-06-06T16:22:00Z""},""departure"":{""estimated"":null,""scheduled"":""2024-06-06T16:24:00Z""}},{""station"":""Fallowfield"",""code"":""FALL"",""estimated"":""&mdash;"",""scheduled"":""2024-06-06T17:05:00Z"",""eta"":""&mdash;"",""arrival"":{""estimated"":null,""scheduled"":""2024-06-06T17:05:00Z""},""departure"":{""estimated"":null,""scheduled"":""2024-06-06T17:09:00Z""}},{""station"":""Ottawa"",""code"":""OTTW"",""estimated"":""&mdash;"",""scheduled"":""2024-06-06T17:26:00Z"",""eta"":""&mdash;"",""arrival"":{""estimated"":null,""scheduled"":""2024-06-06T17:26:00Z""}}]"
"35",,,,,,false,false,"QUÉBEC","OTTAWA","2024-06-06",,"[{""station"":""Québec"",""code"":""QBEC"",""estimated"":""&mdash;"",""scheduled"":""2024-06-06T12:06:00Z"",""eta"":""&mdash;"",""departure"":{""estimated"":null,""scheduled"":""2024-06-06T12:06:00Z""}},{""station"":""Ste-Foy"",""code"":""SFOY"",""estimated"":""&mdash;"",""scheduled"":""2024-06-06T12:31:00Z"",""eta"":""&mdash;"",""arrival"":{""estimated"":null,""scheduled"":""2024-06-06T12:31:00Z""},""departure"":{""estimated"":null,""scheduled"":""2024-06-06T12:34:00Z""}},{""station"":""Charny"",""code"":""CHNY"",""estimated"":""&mdash;"",""scheduled"":""2024-06-06T12:40:00Z"",""eta"":""&mdash;"",""arrival"":{""estimated"":null,""scheduled"":""2024-06-06T12:40:00Z""},""departure"":{""estimated"":null,""scheduled"":""2024-06-06T12:42:00Z""}},{""station"":""Drummondville"",""code"":""DRMV"",""estimated"":""&mdash;"",""scheduled"":""2024-06-06T14:14:00Z"",""eta"":""&mdash;"",""arrival"":{""estimated"":null,""scheduled"":""2024-06-06T14:14:00Z""},""departure"":{""estimated"":null,""scheduled"":""2024-06-06T14:17:00Z""}},{""station"":""St. Hyacinthe"",""code"":""SHYA"",""estimated"":""&mdash;"",""scheduled"":""2024-06-06T14:44:00Z"",""eta"":""&mdash;"",""arrival"":{""estimated"":null,""scheduled"":""2024-06-06T14:44:00Z""},""departure"":{""estimated"":null,""scheduled"":""2024-06-06T14:46:00Z""}},{""station"":""St. Lambert"",""code"":""SLAM"",""estimated"":""&mdash;"",""scheduled"":""2024-06-06T15:11:00Z"",""eta"":""&mdash;"",""arrival"":{""estimated"":null,""scheduled"":""2024-06-06T15:11:00Z""},""departure"":{""estimated"":null,""scheduled"":""2024-06-06T15:13:00Z""}},{""station"":""Montréal"",""code"":""MTRL"",""estimated"":""&mdash;"",""scheduled"":""2024-06-06T15:26:00Z"",""eta"":""&mdash;"",""arrival"":{""estimated"":null,""scheduled"":""2024-06-06T15:26:00Z""},""departure"":{""estimated"":""2024-06-06T15:54:00Z"",""scheduled"":""2024-06-06T15:54:00Z""}},{""station"":""Dorval"",""code"":""DORV"",""estimated"":""2024-06-06T16:18:00Z"",""scheduled"":""2024-06-06T16:18:00Z"",""eta"":""7h43"",""arrival"":{""estimated"":""2024-06-06T16:18:00Z"",""scheduled"":""2024-06-06T16:18:00Z""},""departure"":{""estimated"":""2024-06-06T16:22:00Z"",""scheduled"":""2024-06-06T16:22:00Z""},""diff"":""goo"",""diffMin"":0},{""station"":""Coteau"",""code"":""COTO"",""estimated"":""2024-06-06T16:46:00Z"",""scheduled"":""2024-06-06T16:46:00Z"",""eta"":""8h11"",""arrival"":{""estimated"":""2024-06-06T16:46:00Z"",""scheduled"":""2024-06-06T16:46:00Z""},""departure"":{""estimated"":""2024-06-06T16:47:00Z"",""scheduled"":""2024-06-06T16:47:00Z""},""diff"":""goo"",""diffMin"":0},{""station"":""Alexandria"",""code"":""ALEX"",""estimated"":""2024-06-06T17:08:00Z"",""scheduled"":""2024-06-06T17:08:00Z"",""eta"":""8h33"",""arrival"":{""estimated"":""2024-06-06T17:08:00Z"",""scheduled"":""2024-06-06T17:08:00Z""},""departure"":{""estimated"":""2024-06-06T17:10:00Z"",""scheduled"":""2024-06-06T17:10:00Z""},""diff"":""goo"",""diffMin"":0},{""station"":""Casselman"",""code"":""CSLM"",""estimated"":""2024-06-06T17:31:00Z"",""scheduled"":""2024-06-06T17:31:00Z"",""eta"":""8h56"",""arrival"":{""estimated"":""2024-06-06T17:31:00Z"",""scheduled"":""2024-06-06T17:31:00Z""},""departure"":{""estimated"":""2024-06-06T17:33:00Z"",""scheduled"":""2024-06-06T17:33:00Z""},""diff"":""goo"",""diffMin"":0},{""station"":""Ottawa"",""code"":""OTTW"",""estimated"":""2024-06-06T17:58:00Z"",""scheduled"":""2024-06-06T17:58:00Z"",""eta"":""9h23"",""arrival"":{""estimated"":""2024-06-06T17:58:00Z"",""scheduled"":""2024-06-06T17:58:00Z""},""diff"":""goo"",""diffMin"":0}]"
"50",,,,,,false,false,"TORONTO","OTTAWA","2024-06-06",,"[{""station"":""Toronto"",""code"":""TRTO"",""estimated"":""&mdash;"",""scheduled"":""2024-06-06T10:47:00Z"",""eta"":""&mdash;"",""departure"":{""estimated"":null,""scheduled"":""2024-06-06T10:47:00Z""}},{""station"":""Guildwood"",""code"":""GUIL"",""estimated"":""&mdash;"",""scheduled"":""2024-06-06T11:04:00Z"",""eta"":""&mdash;"",""arrival"":{""estimated"":null,""scheduled"":""2024-06-06T11:04:00Z""},""departure"":{""estimated"":null,""scheduled"":""2024-06-06T11:07:00Z""}},{""station"":""Oshawa"",""code"":""OSHA"",""estimated"":""&mdash;"",""scheduled"":""2024-06-06T11:22:00Z"",""eta"":""&mdash;"",""arrival"":{""estimated"":null,""scheduled"":""2024-06-06T11:22:00Z""},""departure"":{""estimated"":null,""scheduled"":""2024-06-06T11:26:00Z""}},{""station"":""Cobourg"",""code"":""CBRG"",""estimated"":""&mdash;"",""scheduled"":""2024-06-06T11:58:00Z"",""eta"":""&mdash;"",""arrival"":{""estimated"":null,""scheduled"":""2024-06-06T11:58:00Z""},""departure"":{""estimated"":null,""scheduled"":""2024-06-06T12:01:00Z""}},{""station"":""Belleville"",""code"":""BLVL"",""estimated"":""&mdash;"",""scheduled"":""2024-06-06T12:33:00Z"",""eta"":""&mdash;"",""arrival"":{""estimated"":null,""scheduled"":""2024-06-06T12:33:00Z""},""departure"":{""estimated"":null,""scheduled"":""2024-06-06T12:36:00Z""}},{""station"":""Kingston"",""code"":""KGON"",""estimated"":""&mdash;"",""scheduled"":""2024-06-06T13:14:00Z"",""eta"":""&mdash;"",""arrival"":{""estimated"":null,""scheduled"":""2024-06-06T13:14:00Z""},""departure"":{""estimated"":null,""scheduled"":""2024-06-06T13:18:00Z""}},{""station"":""Brockville"",""code"":""BRKV"",""estimated"":""&mdash;"",""scheduled"":""2024-06-06T14:13:00Z"",""eta"":""&mdash;"",""arrival"":{""estimated"":null,""scheduled"":""2024-06-06T14:13:00Z""},""departure"":{""estimated"":null,""scheduled"":""2024-06-06T14:15:00Z""}},{""station"":""Smiths Falls"",""code"":""SMTF"",""estimated"":""&mdash;"",""scheduled"":""2024-06-06T14:44:00Z"",""eta"":""&mdash;"",""arrival"":{""estimated"":null,""scheduled"":""2024-06-06T14:44:00Z""},""departure"":{""estimated"":null,""scheduled"":""2024-06-06T14:46:00Z""}},{""station"":""Fallowfield"",""code"":""FALL"",""estimated"":""&mdash;"",""scheduled"":""2024-06-06T15:16:00Z"",""eta"":""&mdash;"",""arrival"":{""estimated"":null,""scheduled"":""2024-06-06T15:16:00Z""},""departure"":{""estimated"":null,""scheduled"":""2024-06-06T15:19:00Z""}},{""station"":""Ottawa"",""code"":""OTTW"",""estimated"":""&mdash;"",""scheduled"":""2024-06-06T15:36:00Z"",""eta"":""&mdash;"",""arrival"":{""estimated"":null,""scheduled"":""2024-06-06T15:36:00Z""}}]"
"45",,,,,,false,false,"OTTAWA","TORONTO","2024-06-06",,"[{""station"":""Ottawa"",""code"":""OTTW"",""estimated"":""&mdash;"",""scheduled"":""2024-06-06T14:24:00Z"",""eta"":""&mdash;"",""departure"":{""estimated"":null,""scheduled"":""2024-06-06T14:24:00Z""}},{""station"":""Fallowfield"",""code"":""FALL"",""estimated"":""&mdash;"",""scheduled"":""2024-06-06T14:41:00Z"",""eta"":""&mdash;"",""arrival"":{""estimated"":null,""scheduled"":""2024-06-06T14:41:00Z""},""departure"":{""estimated"":null,""scheduled"":""2024-06-06T14:45:00Z""}},{""station"":""Kingston"",""code"":""KGON"",""estimated"":""&mdash;"",""scheduled"":""2024-06-06T16:22:00Z"",""eta"":""&mdash;"",""arrival"":{""estimated"":null,""scheduled"":""2024-06-06T16:22:00Z""},""departure"":{""estimated"":null,""scheduled"":""2024-06-06T16:26:00Z""}},{""station"":""Toronto"",""code"":""TRTO"",""estimated"":""&mdash;"",""scheduled"":""2024-06-06T18:48:00Z"",""eta"":""&mdash;"",""arrival"":{""estimated"":null,""scheduled"":""2024-06-06T18:48:00Z""}}]"
"47",,,,,,false,false,"OTTAWA","TORONTO","2024-06-06",,"[{""station"":""Ottawa"",""code"":""OTTW"",""estimated"":""&mdash;"",""scheduled"":""2024-06-06T16:23:00Z"",""eta"":""&mdash;"",""departure"":{""estimated"":null,""scheduled"":""2024-06-06T16:23:00Z""}},{""station"":""Fallowfield"",""code"":""FALL"",""estimated"":""&mdash;"",""scheduled"":""2024-06-06T16:40:00Z"",""eta"":""&mdash;"",""arrival"":{""estimated"":null,""scheduled"":""2024-06-06T16:40:00Z""},""departure"":{""estimated"":null,""scheduled"":""2024-06-06T16:44:00Z""}},{""station"":""Smiths Falls"",""code"":""SMTF"",""estimated"":""&mdash;"",""scheduled"":""2024-06-06T17:16:00Z"",""eta"":""&mdash;"",""arrival"":{""estimated"":null,""scheduled"":""2024-06-06T17:16:00Z""},""departure"":{""estimated"":null,""scheduled"":""2024-06-06T17:18:00Z""}},{""station"":""Brockville"",""code"":""BRKV"",""estimated"":""&mdash;"",""scheduled"":""2024-06-06T17:52:00Z"",""eta"":""&mdash;"",""arrival"":{""estimated"":null,""scheduled"":""2024-06-06T17:52:00Z""},""departure"":{""estimated"":null,""scheduled"":""2024-06-06T17:55:00Z""}},{""station"":""Gananoque"",""code"":""GANA"",""estimated"":""&mdash;"",""scheduled"":""2024-06-06T18:19:00Z"",""eta"":""&mdash;"",""arrival"":{""estimated"":null,""scheduled"":""2024-06-06T18:19:00Z""},""departure"":{""estimated"":null,""scheduled"":""2024-06-06T18:21:00Z""}},{""station"":""Kingston"",""code"":""KGON"",""estimated"":""&mdash;"",""scheduled"":""2024-06-06T18:41:00Z"",""eta"":""&mdash;"",""arrival"":{""estimated"":null,""scheduled"":""2024-06-06T18:41:00Z""},""departure"":{""estimated"":null,""scheduled"":""2024-06-06T18:45:00Z""}},{""station"":""Belleville"",""code"":""BLVL"",""estimated"":""&mdash;"",""scheduled"":""2024-06-06T19:25:00Z"",""eta"":""&mdash;"",""arrival"":{""estimated"":null,""scheduled"":""2024-06-06T19:25:00Z""},""departure"":{""estimated"":null,""scheduled"":""2024-06-06T19:28:00Z""}},{""station"":""Oshawa"",""code"":""OSHA"",""estimated"":""&mdash;"",""scheduled"":""2024-06-06T20:37:00Z"",""eta"":""&mdash;"",""arrival"":{""estimated"":null,""scheduled"":""2024-06-06T20:37:00Z""},""departure"":{""estimated"":null,""scheduled"":""2024-06-06T20:40:00Z""}},{""station"":""Guildwood"",""code"":""GUIL"",""estimated"":""&mdash;"",""scheduled"":""2024-06-06T20:57:00Z"",""eta"":""&mdash;"",""arrival"":{""estimated"":null,""scheduled"":""2024-06-06T20:57:00Z""},""departure"":{""estimated"":null,""scheduled"":""2024-06-06T21:00:00Z""}},{""station"":""Toronto"",""code"":""TRTO"",""estimated"":""&mdash;"",""scheduled"":""2024-06-06T21:18:00Z"",""eta"":""&mdash;"",""arrival"":{""estimated"":null,""scheduled"":""2024-06-06T21:18:00Z""}}]"
"60",,,,,,false,false,"TORONTO","MONTRÉAL","2024-06-06",,"[{""station"":""Toronto"",""code"":""TRTO"",""estimated"":""&mdash;"",""scheduled"":""2024-06-06T10:47:00Z"",""eta"":""&mdash;"",""departure"":{""estimated"":null,""scheduled"":""2024-06-06T10:47:00Z""}},{""station"":""Guildwood"",""code"":""GUIL"",""estimated"":""&mdash;"",""scheduled"":""2024-06-06T11:04:00Z"",""eta"":""&mdash;"",""arrival"":{""estimated"":null,""scheduled"":""2024-06-06T11:04:00Z""},""departure"":{""estimated"":null,""scheduled"":""2024-06-06T11:07:00Z""}},{""station"":""Oshawa"",""code"":""OSHA"",""estimated"":""&mdash;"",""scheduled"":""2024-06-06T11:22:00Z"",""eta"":""&mdash;"",""arrival"":{""estimated"":null,""scheduled"":""2024-06-06T11:22:00Z""},""departure"":{""estimated"":null,""scheduled"":""2024-06-06T11:26:00Z""}},{""station"":""Cobourg"",""code"":""CBRG"",""estimated"":""&mdash;"",""scheduled"":""2024-06-06T11:58:00Z"",""eta"":""&mdash;"",""arrival"":{""estimated"":null,""scheduled"":""2024-06-06T11:58:00Z""},""departure"":{""estimated"":null,""scheduled"":""2024-06-06T12:01:00Z""}},{""station"":""Belleville"",""code"":""BLVL"",""estimated"":""&mdash;"",""scheduled"":""2024-06-06T12:33:00Z"",""eta"":""&mdash;"",""arrival"":{""estimated"":null,""scheduled"":""2024-06-06T12:33:00Z""},""departure"":{""estimated"":null,""scheduled"":""2024-06-06T12:36:00Z""}},{""station"":""Kingston"",""code"":""KGON"",""estimated"":""&mdash;"",""scheduled"":""2024-06-06T13:14:00Z"",""eta"":""&mdash;"",""arrival"":{""estimated"":null,""scheduled"":""2024-06-06T13:14:00Z""},""departure"":{""estimated"":null,""scheduled"":""2024-06-06T13:18:00Z""}},{""station"":""Cornwall"",""code"":""CWLL"",""estimated"":""&mdash;"",""scheduled"":""2024-06-06T14:55:00Z"",""eta"":""&mdash;"",""arrival"":{""estimated"":null,""scheduled"":""2024-06-06T14:55:00Z""},""departure"":{""estimated"":null,""scheduled"":""2024-06-06T14:57:00Z""}},{""station"":""Dorval"",""code"":""DORV"",""estimated"":""&mdash;"",""scheduled"":""2024-06-06T15:43:00Z"",""eta"":""&mdash;"",""arrival"":{""estimated"":null,""scheduled"":""2024-06-06T15:43:00Z""},""departure"":{""estimated"":null,""scheduled"":""2024-06-06T15:46:00Z""}},{""station"":""Montréal"",""code"":""MTRL"",""estimated"":""&mdash;"",""scheduled"":""2024-06-06T16:05:00Z"",""eta"":""&mdash;"",""arrival"":{""estimated"":null,""scheduled"":""2024-06-06T16:05:00Z""}}]"
"63",,,,,,false,false,"MONTRÉAL","TORONTO","2024-06-06",,"[{""station"":""Montréal"",""code"":""MTRL"",""estimated"":""&mdash;"",""scheduled"":""2024-06-06T12:46:00Z"",""eta"":""&mdash;"",""departure"":{""estimated"":null,""scheduled"":""2024-06-06T12:46:00Z""}},{""station"":""Dorval"",""code"":""DORV"",""estimated"":""&mdash;"",""scheduled"":""2024-06-06T13:11:00Z"",""eta"":""&mdash;"",""arrival"":{""estimated"":null,""scheduled"":""2024-06-06T13:11:00Z""},""departure"":{""estimated"":null,""scheduled"":""2024-06-06T13:14:00Z""}},{""station"":""Cornwall"",""code"":""CWLL"",""estimated"":""&mdash;"",""scheduled"":""2024-06-06T14:03:00Z"",""eta"":""&mdash;"",""arrival"":{""estimated"":null,""scheduled"":""2024-06-06T14:03:00Z""},""departure"":{""estimated"":null,""scheduled"":""2024-06-06T14:05:00Z""}},{""station"":""Brockville"",""code"":""BRKV"",""estimated"":""&mdash;"",""scheduled"":""2024-06-06T14:53:00Z"",""eta"":""&mdash;"",""arrival"":{""estimated"":null,""scheduled"":""2024-06-06T14:53:00Z""},""departure"":{""estimated"":null,""scheduled"":""2024-06-06T14:55:00Z""}},{""station"":""Kingston"",""code"":""KGON"",""estimated"":""&mdash;"",""scheduled"":""2024-06-06T15:38:00Z"",""eta"":""&mdash;"",""arrival"":{""estimated"":null,""scheduled"":""2024-06-06T15:38:00Z""},""departure"":{""estimated"":null,""scheduled"":""2024-06-06T15:42:00Z""}},{""station"":""Belleville"",""code"":""BLVL"",""estimated"":""&mdash;"",""scheduled"":""2024-06-06T16:20:00Z"",""eta"":""&mdash;"",""arrival"":{""estimated"":null,""scheduled"":""2024-06-06T16:20:00Z""},""departure"":{""estimated"":null,""scheduled"":""2024-06-06T16:23:00Z""}},{""station"":""Cobourg"",""code"":""CBRG"",""estimated"":""&mdash;"",""scheduled"":""2024-06-06T16:58:00Z"",""eta"":""&mdash;"",""arrival"":{""estimated"":null,""scheduled"":""2024-06-06T16:58:00Z""},""departure"":{""estimated"":null,""scheduled"":""2024-06-06T17:01:00Z""}},{""station"":""Oshawa"",""code"":""OSHA"",""estimated"":""&mdash;"",""scheduled"":""2024-06-06T17:35:00Z"",""eta"":""&mdash;"",""arrival"":{""estimated"":null,""scheduled"":""2024-06-06T17:35:00Z""},""departure"":{""estimated"":null,""scheduled"":""2024-06-06T17:37:00Z""}},{""station"":""Guildwood"",""code"":""GUIL"",""estimated"":""&mdash;"",""scheduled"":""2024-06-06T17:59:00Z"",""eta"":""&mdash;"",""arrival"":{""estimated"":null,""scheduled"":""2024-06-06T17:59:00Z""},""departure"":{""estimated"":null,""scheduled"":""2024-06-06T18:00:00Z""}},{""station"":""Toronto"",""code"":""TRTO"",""estimated"":""&mdash;"",""scheduled"":""2024-06-06T18:18:00Z"",""eta"":""&mdash;"",""arrival"":{""estimated"":null,""scheduled"":""2024-06-06T18:18:00Z""}}]"
"53",,,,,,false,false,"OTTAWA","TORONTO","2024-06-06",,"[{""station"":""Ottawa"",""code"":""OTTW"",""estimated"":""&mdash;"",""scheduled"":""2024-06-06T15:43:00Z"",""eta"":""&mdash;"",""departure"":{""estimated"":null,""scheduled"":""2024-06-06T15:43:00Z""}},{""station"":""Fallowfield"",""code"":""FALL"",""estimated"":""&mdash;"",""scheduled"":""2024-06-06T16:00:00Z"",""eta"":""&mdash;"",""arrival"":{""estimated"":null,""scheduled"":""2024-06-06T16:00:00Z""},""departure"":{""estimated"":null,""scheduled"":""2024-06-06T16:03:00Z""}},{""station"":""Brockville"",""code"":""BRKV"",""estimated"":""&mdash;"",""scheduled"":""2024-06-06T17:03:00Z"",""eta"":""&mdash;"",""arrival"":{""estimated"":null,""scheduled"":""2024-06-06T17:03:00Z""},""departure"":{""estimated"":null,""scheduled"":""2024-06-06T17:07:00Z""}},{""station"":""Gananoque"",""code"":""GANA"",""estimated"":""&mdash;"",""scheduled"":""2024-06-06T17:30:00Z"",""eta"":""&mdash;"",""arrival"":{""estimated"":null,""scheduled"":""2024-06-06T17:30:00Z""},""departure"":{""estimated"":null,""scheduled"":""2024-06-06T17:31:00Z""}},{""station"":""Kingston"",""code"":""KGON"",""estimated"":""&mdash;"",""scheduled"":""2024-06-06T17:53:00Z"",""eta"":""&mdash;"",""arrival"":{""estimated"":null,""scheduled"":""2024-06-06T17:53:00Z""},""departure"":{""estimated"":null,""scheduled"":""2024-06-06T17:57:00Z""}},{""station"":""Belleville"",""code"":""BLVL"",""estimated"":""&mdash;"",""scheduled"":""2024-06-06T18:36:00Z"",""eta"":""&mdash;"",""arrival"":{""estimated"":null,""scheduled"":""2024-06-06T18:36:00Z""},""departure"":{""estimated"":null,""scheduled"":""2024-06-06T18:39:00Z""}},{""station"":""Cobourg"",""code"":""CBRG"",""estimated"":""&mdash;"",""scheduled"":""2024-06-06T19:12:00Z"",""eta"":""&mdash;"",""arrival"":{""estimated"":null,""scheduled"":""2024-06-06T19:12:00Z""},""departure"":{""estimated"":null,""scheduled"":""2024-06-06T19:15:00Z""}},{""station"":""Oshawa"",""code"":""OSHA"",""estimated"":""&mdash;"",""scheduled"":""2024-06-06T19:48:00Z"",""eta"":""&mdash;"",""arrival"":{""estimated"":null,""scheduled"":""2024-06-06T19:48:00Z""},""departure"":{""estimated"":null,""scheduled"":""2024-06-06T19:51:00Z""}},{""station"":""Guildwood"",""code"":""GUIL"",""estimated"":""&mdash;"",""scheduled"":""2024-06-06T20:14:00Z"",""eta"":""&mdash;"",""arrival"":{""estimated"":null,""scheduled"":""2024-06-06T20:14:00Z""},""departure"":{""estimated"":null,""scheduled"":""2024-06-06T20:15:00Z""}},{""station"":""Toronto"",""code"":""TRTO"",""estimated"":""&mdash;"",""scheduled"":""2024-06-06T20:33:00Z"",""eta"":""&mdash;"",""arrival"":{""estimated"":null,""scheduled"":""2024-06-06T20:33:00Z""}}]"
"64",,,,,,false,false,"TORONTO","MONTRÉAL","2024-06-06",,"[{""station"":""Toronto"",""code"":""TRTO"",""estimated"":""&mdash;"",""scheduled"":""2024-06-06T15:32:00Z"",""eta"":""&mdash;"",""departure"":{""estimated"":null,""scheduled"":""2024-06-06T15:32:00Z""}},{""station"":""Guildwood"",""code"":""GUIL"",""estimated"":""&mdash;"",""scheduled"":""2024-06-06T15:49:00Z"",""eta"":""&mdash;"",""arrival"":{""estimated"":null,""scheduled"":""2024-06-06T15:49:00Z""},""departure"":{""estimated"":null,""scheduled"":""2024-06-06T15:52:00Z""}},{""station"":""Oshawa"",""code"":""OSHA"",""estimated"":""&mdash;"",""scheduled"":""2024-06-06T16:10:00Z"",""eta"":""&mdash;"",""arrival"":{""estimated"":null,""scheduled"":""2024-06-06T16:10:00Z""},""departure"":{""estimated"":null,""scheduled"":""2024-06-06T16:13:00Z""}},{""station"":""Cobourg"",""code"":""CBRG"",""estimated"":""&mdash;"",""scheduled"":""2024-06-06T16:47:00Z"",""eta"":""&mdash;"",""arrival"":{""estimated"":null,""scheduled"":""2024-06-06T16:47:00Z""},""departure"":{""estimated"":null,""scheduled"":""2024-06-06T16:50:00Z""}},{""station"":""Belleville"",""code"":""BLVL"",""estimated"":""&mdash;"",""scheduled"":""2024-06-06T17:24:00Z"",""eta"":""&mdash;"",""arrival"":{""estimated"":null,""scheduled"":""2024-06-06T17:24:00Z""},""departure"":{""estimated"":null,""scheduled"":""2024-06-06T17:28:00Z""}},{""station"":""Kingston"",""code"":""KGON"",""estimated"":""&mdash;"",""scheduled"":""2024-06-06T18:05:00Z"",""eta"":""&mdash;"",""arrival"":{""estimated"":null,""scheduled"":""2024-06-06T18:05:00Z""},""departure"":{""estimated"":null,""scheduled"":""2024-06-06T18:10:00Z""}},{""station"":""Brockville"",""code"":""BRKV"",""estimated"":""&mdash;"",""scheduled"":""2024-06-06T18:54:00Z"",""eta"":""&mdash;"",""arrival"":{""estimated"":null,""scheduled"":""2024-06-06T18:54:00Z""},""departure"":{""estimated"":null,""scheduled"":""2024-06-06T18:57:00Z""}},{""station"":""Cornwall"",""code"":""CWLL"",""estimated"":""&mdash;"",""scheduled"":""2024-06-06T19:43:00Z"",""eta"":""&mdash;"",""arrival"":{""estimated"":null,""scheduled"":""2024-06-06T19:43:00Z""},""departure"":{""estimated"":null,""scheduled"":""2024-06-06T19:47:00Z""}},{""station"":""Dorval"",""code"":""DORV"",""estimated"":""&mdash;"",""scheduled"":""2024-06-06T20:37:00Z"",""eta"":""&mdash;"",""arrival"":{""estimated"":null,""scheduled"":""2024-06-06T20:37:00Z""},""departure"":{""estimated"":null,""scheduled"":""2024-06-06T20:40:00Z""}},{""station"":""Montréal"",""code"":""MTRL"",""estimated"":""&mdash;"",""scheduled"":""2024-06-06T21:05:00Z"",""eta"":""&mdash;"",""arrival"":{""estimated"":null,""scheduled"":""2024-06-06T21:05:00Z""}}]"
"70",,,,,,false,false,"WINDSOR","TORONTO","2024-06-06",,"[{""station"":""Windsor"",""code"":""WDON"",""estimated"":""&mdash;"",""scheduled"":""2024-06-06T09:35:00Z"",""eta"":""&mdash;"",""departure"":{""estimated"":null,""scheduled"":""2024-06-06T09:35:00Z""}},{""station"":""Chatham"",""code"":""CHAT"",""estimated"":""&mdash;"",""scheduled"":""2024-06-06T10:19:00Z"",""eta"":""&mdash;"",""arrival"":{""estimated"":null,""scheduled"":""2024-06-06T10:19:00Z""},""departure"":{""estimated"":null,""scheduled"":""2024-06-06T10:23:00Z""}},{""station"":""London"",""code"":""LNDN"",""estimated"":""&mdash;"",""scheduled"":""2024-06-06T11:25:00Z"",""eta"":""&mdash;"",""arrival"":{""estimated"":null,""scheduled"":""2024-06-06T11:25:00Z""},""departure"":{""estimated"":null,""scheduled"":""2024-06-06T11:35:00Z""}},{""station"":""Ingersoll"",""code"":""INGR"",""estimated"":""&mdash;"",""scheduled"":""2024-06-06T11:55:00Z"",""eta"":""&mdash;"",""arrival"":{""estimated"":null,""scheduled"":""2024-06-06T11:55:00Z""},""departure"":{""estimated"":null,""scheduled"":""2024-06-06T11:57:00Z""}},{""station"":""Woodstock"",""code"":""WDST"",""estimated"":""&mdash;"",""scheduled"":""2024-06-06T12:08:00Z"",""eta"":""&mdash;"",""arrival"":{""estimated"":null,""scheduled"":""2024-06-06T12:08:00Z""},""departure"":{""estimated"":null,""scheduled"":""2024-06-06T12:12:00Z""}},{""station"":""Brantford"",""code"":""BRTF"",""estimated"":""&mdash;"",""scheduled"":""2024-06-06T12:44:00Z"",""eta"":""&mdash;"",""arrival"":{""estimated"":null,""scheduled"":""2024-06-06T12:44:00Z""},""departure"":{""estimated"":null,""scheduled"":""2024-06-06T12:48:00Z""}},{""station"":""Aldershot"",""code"":""ALDR"",""estimated"":""&mdash;"",""scheduled"":""2024-06-06T13:25:00Z"",""eta"":""&mdash;"",""arrival"":{""estimated"":null,""scheduled"":""2024-06-06T13:25:00Z""},""departure"":{""estimated"":null,""scheduled"":""2024-06-06T13:31:00Z""}},{""station"":""Oakville"",""code"":""OAKV"",""estimated"":""&mdash;"",""scheduled"":""2024-06-06T13:43:00Z"",""eta"":""&mdash;"",""arrival"":{""estimated"":null,""scheduled"":""2024-06-06T13:43:00Z""},""departure"":{""estimated"":null,""scheduled"":""2024-06-06T13:46:00Z""}},{""station"":""Toronto"",""code"":""TRTO"",""estimated"":""&mdash;"",""scheduled"":""2024-06-06T14:10:00Z"",""eta"":""&mdash;"",""arrival"":{""estimated"":null,""scheduled"":""2024-06-06T14:10:00Z""}}]"
"22",,,,,,false,false,"OTTAWA","QUÉBEC","2024-06-06",,"[{""station"":""Ottawa"",""code"":""OTTW"",""estimated"":""&mdash;"",""scheduled"":""2024-06-06T10:07:00Z"",""eta"":""&mdash;"",""departure"":{""estimated"":null,""scheduled"":""2024-06-06T10:07:00Z""}},{""station"":""Casselman"",""code"":""CSLM"",""estimated"":""&mdash;"",""scheduled"":""2024-06-06T10:33:00Z"",""eta"":""&mdash;"",""arrival"":{""estimated"":null,""scheduled"":""2024-06-06T10:33:00Z""},""departure"":{""estimated"":null,""scheduled"":""2024-06-06T10:34:00Z""}},{""station"":""Alexandria"",""code"":""ALEX"",""estimated"":""&mdash;"",""scheduled"":""2024-06-06T10:55:00Z"",""eta"":""&mdash;"",""arrival"":{""estimated"":null,""scheduled"":""2024-06-06T10:55:00Z""},""departure"":{""estimated"":null,""scheduled"":""2024-06-06T10:57:00Z""}},{""station"":""Coteau"",""code"":""COTO"",""estimated"":""&mdash;"",""scheduled"":""2024-06-06T11:23:00Z"",""eta"":""&mdash;"",""arrival"":{""estimated"":null,""scheduled"":""2024-06-06T11:23:00Z""},""departure"":{""estimated"":null,""scheduled"":""2024-06-06T11:25:00Z""}},{""station"":""Dorval"",""code"":""DORV"",""estimated"":""&mdash;"",""scheduled"":""2024-06-06T11:47:00Z"",""eta"":""&mdash;"",""arrival"":{""estimated"":null,""scheduled"":""2024-06-06T11:47:00Z""},""departure"":{""estimated"":null,""scheduled"":""2024-06-06T11:49:00Z""}},{""station"":""Montréal"",""code"":""MTRL"",""estimated"":""&mdash;"",""scheduled"":""2024-06-06T12:11:00Z"",""eta"":""&mdash;"",""arrival"":{""estimated"":null,""scheduled"":""2024-06-06T12:11:00Z""},""departure"":{""estimated"":""2024-06-06T12:36:00Z"",""scheduled"":""2024-06-06T12:36:00Z""}},{""station"":""St. Lambert"",""code"":""SLAM"",""estimated"":""2024-06-06T12:49:00Z"",""scheduled"":""2024-06-06T12:49:00Z"",""eta"":""4h14"",""arrival"":{""estimated"":""2024-06-06T12:49:00Z"",""scheduled"":""2024-06-06T12:49:00Z""},""departure"":{""estimated"":""2024-06-06T12:50:00Z"",""scheduled"":""2024-06-06T12:50:00Z""},""diff"":""goo"",""diffMin"":0},{""station"":""St. Hyacinthe"",""code"":""SHYA"",""estimated"":""2024-06-06T13:16:00Z"",""scheduled"":""2024-06-06T13:16:00Z"",""eta"":""4h41"",""arrival"":{""estimated"":""2024-06-06T13:16:00Z"",""scheduled"":""2024-06-06T13:16:00Z""},""departure"":{""estimated"":""2024-06-06T13:17:00Z"",""scheduled"":""2024-06-06T13:17:00Z""},""diff"":""goo"",""diffMin"":0},{""station"":""Drummondville"",""code"":""DRMV"",""estimated"":""2024-06-06T13:44:00Z"",""scheduled"":""2024-06-06T13:44:00Z"",""eta"":""5h09"",""arrival"":{""estimated"":""2024-06-06T13:44:00Z"",""scheduled"":""2024-06-06T13:44:00Z""},""departure"":{""estimated"":""2024-06-06T13:46:00Z"",""scheduled"":""2024-06-06T13:46:00Z""},""diff"":""goo"",""diffMin"":0},{""station"":""Ste-Foy"",""code"":""SFOY"",""estimated"":""2024-06-06T15:19:00Z"",""scheduled"":""2024-06-06T15:19:00Z"",""eta"":""6h44"",""arrival"":{""estimated"":""2024-06-06T15:19:00Z"",""scheduled"":""2024-06-06T15:19:00Z""},""departure"":{""estimated"":""2024-06-06T15:22:00Z"",""scheduled"":""2024-06-06T15:22:00Z""},""diff"":""goo"",""diffMin"":0},{""station"":""Québec"",""code"":""QBEC"",""estimated"":""2024-06-06T15:47:00Z"",""scheduled"":""2024-06-06T15:47:00Z"",""eta"":""7h12"",""arrival"":{""estimated"":""2024-06-06T15:47:00Z"",""scheduled"":""2024-06-06T15:47:00Z""},""diff"":""goo"",""diffMin"":0}]"
"40",,,,,,false,false,"TORONTO","OTTAWA","2024-06-06",,"[{""station"":""Toronto"",""code"":""TRTO"",""estimated"":""&mdash;"",""scheduled"":""2024-06-06T14:32:00Z"",""eta"":""&mdash;"",""departure"":{""estimated"":null,""scheduled"":""2024-06-06T14:32:00Z""}},{""station"":""Guildwood"",""code"":""GUIL"",""estimated"":""&mdash;"",""scheduled"":""2024-06-06T14:50:00Z"",""eta"":""&mdash;"",""arrival"":{""estimated"":null,""scheduled"":""2024-06-06T14:50:00Z""},""departure"":{""estimated"":null,""scheduled"":""2024-06-06T14:52:00Z""}},{""station"":""Belleville"",""code"":""BLVL"",""estimated"":""&mdash;"",""scheduled"":""2024-06-06T16:11:00Z"",""eta"":""&mdash;"",""arrival"":{""estimated"":null,""scheduled"":""2024-06-06T16:11:00Z""},""departure"":{""estimated"":null,""scheduled"":""2024-06-06T16:13:00Z""}},{""station"":""Kingston"",""code"":""KGON"",""estimated"":""&mdash;"",""scheduled"":""2024-06-06T16:49:00Z"",""eta"":""&mdash;"",""arrival"":{""estimated"":null,""scheduled"":""2024-06-06T16:49:00Z""},""departure"":{""estimated"":null,""scheduled"":""2024-06-06T16:52:00Z""}},{""station"":""Fallowfield"",""code"":""FALL"",""estimated"":""&mdash;"",""scheduled"":""2024-06-06T18:37:00Z"",""eta"":""&mdash;"",""arrival"":{""estimated"":null,""scheduled"":""2024-06-06T18:37:00Z""},""departure"":{""estimated"":null,""scheduled"":""2024-06-06T18:41:00Z""}},{""station"":""Ottawa"",""code"":""OTTW"",""estimated"":""&mdash;"",""scheduled"":""2024-06-06T19:02:00Z"",""eta"":""&mdash;"",""arrival"":{""estimated"":null,""scheduled"":""2024-06-06T19:02:00Z""}}]"
"33",,,,,,false,false,"QUÉBEC","OTTAWA","2024-06-06",,"[{""station"":""Québec"",""code"":""QBEC"",""estimated"":""&mdash;"",""scheduled"":""2024-06-06T09:29:00Z"",""eta"":""&mdash;"",""departure"":{""estimated"":null,""scheduled"":""2024-06-06T09:29:00Z""}},{""station"":""Ste-Foy"",""code"":""SFOY"",""estimated"":""&mdash;"",""scheduled"":""2024-06-06T09:54:00Z"",""eta"":""&mdash;"",""arrival"":{""estimated"":null,""scheduled"":""2024-06-06T09:54:00Z""},""departure"":{""estimated"":null,""scheduled"":""2024-06-06T09:57:00Z""}},{""station"":""Charny"",""code"":""CHNY"",""estimated"":""&mdash;"",""scheduled"":""2024-06-06T10:03:00Z"",""eta"":""&mdash;"",""arrival"":{""estimated"":null,""scheduled"":""2024-06-06T10:03:00Z""},""departure"":{""estimated"":null,""scheduled"":""2024-06-06T10:05:00Z""}},{""station"":""Drummondville"",""code"":""DRMV"",""estimated"":""&mdash;"",""scheduled"":""2024-06-06T11:26:00Z"",""eta"":""&mdash;"",""arrival"":{""estimated"":null,""scheduled"":""2024-06-06T11:26:00Z""},""departure"":{""estimated"":null,""scheduled"":""2024-06-06T11:30:00Z""}},{""station"":""St. Hyacinthe"",""code"":""SHYA"",""estimated"":""&mdash;"",""scheduled"":""2024-06-06T11:57:00Z"",""eta"":""&mdash;"",""arrival"":{""estimated"":null,""scheduled"":""2024-06-06T11:57:00Z""},""departure"":{""estimated"":null,""scheduled"":""2024-06-06T11:58:00Z""}},{""station"":""St. Lambert"",""code"":""SLAM"",""estimated"":""&mdash;"",""scheduled"":""2024-06-06T12:23:00Z"",""eta"":""&mdash;"",""arrival"":{""estimated"":null,""scheduled"":""2024-06-06T12:23:00Z""},""departure"":{""estimated"":null,""scheduled"":""2024-06-06T12:24:00Z""}},{""station"":""Montréal"",""code"":""MTRL"",""estimated"":""&mdash;"",""scheduled"":""2024-06-06T12:37:00Z"",""eta"":""&mdash;"",""arrival"":{""estimated"":null,""scheduled"":""2024-06-06T12:37:00Z""},""departure"":{""estimated"":""2024-06-06T13:00:00Z"",""scheduled"":""2024-06-06T13:00:00Z""}},{""station"":""Dorval"",""code"":""DORV"",""estimated"":""2024-06-06T13:24:00Z"",""scheduled"":""2024-06-06T13:24:00Z"",""eta"":""4h49"",""arrival"":{""estimated"":""2024-06-06T13:24:00Z"",""scheduled"":""2024-06-06T13:24:00Z""},""departure"":{""estimated"":""2024-06-06T13:26:00Z"",""scheduled"":""2024-06-06T13:26:00Z""},""diff"":""goo"",""diffMin"":0},{""station"":""Alexandria"",""code"":""ALEX"",""estimated"":""2024-06-06T14:10:00Z"",""scheduled"":""2024-06-06T14:10:00Z"",""eta"":""5h35"",""arrival"":{""estimated"":""2024-06-06T14:10:00Z"",""scheduled"":""2024-06-06T14:10:00Z""},""departure"":{""estimated"":""2024-06-06T14:12:00Z"",""scheduled"":""2024-06-06T14:12:00Z""},""diff"":""goo"",""diffMin"":0},{""station"":""Casselman"",""code"":""CSLM"",""estimated"":""2024-06-06T14:33:00Z"",""scheduled"":""2024-06-06T14:33:00Z"",""eta"":""5h58"",""arrival"":{""estimated"":""2024-06-06T14:33:00Z"",""scheduled"":""2024-06-06T14:33:00Z""},""departure"":{""estimated"":""2024-06-06T14:34:00Z"",""scheduled"":""2024-06-06T14:34:00Z""},""diff"":""goo"",""diffMin"":0},{""station"":""Ottawa"",""code"":""OTTW"",""estimated"":""2024-06-06T15:04:00Z"",""scheduled"":""2024-06-06T15:04:00Z"",""eta"":""6h29"",""arrival"":{""estimated"":""2024-06-06T15:04:00Z"",""scheduled"":""2024-06-06T15:04:00Z""},""diff"":""goo"",""diffMin"":0}]"
"72",,,,,,false,false,"WINDSOR","TORONTO","2024-06-06",,"[{""station"":""Windsor"",""code"":""WDON"",""estimated"":""&mdash;"",""scheduled"":""2024-06-06T12:37:00Z"",""eta"":""&mdash;"",""departure"":{""estimated"":null,""scheduled"":""2024-06-06T12:37:00Z""}},{""station"":""Chatham"",""code"":""CHAT"",""estimated"":""&mdash;"",""scheduled"":""2024-06-06T13:19:00Z"",""eta"":""&mdash;"",""arrival"":{""estimated"":null,""scheduled"":""2024-06-06T13:19:00Z""},""departure"":{""estimated"":null,""scheduled"":""2024-06-06T13:23:00Z""}},{""station"":""Glencoe"",""code"":""GLNC"",""estimated"":""&mdash;"",""scheduled"":""2024-06-06T13:59:00Z"",""eta"":""&mdash;"",""arrival"":{""estimated"":null,""scheduled"":""2024-06-06T13:59:00Z""},""departure"":{""estimated"":null,""scheduled"":""2024-06-06T14:00:00Z""}},{""station"":""London"",""code"":""LNDN"",""estimated"":""&mdash;"",""scheduled"":""2024-06-06T14:33:00Z"",""eta"":""&mdash;"",""arrival"":{""estimated"":null,""scheduled"":""2024-06-06T14:33:00Z""},""departure"":{""estimated"":null,""scheduled"":""2024-06-06T14:41:00Z""}},{""station"":""Ingersoll"",""code"":""INGR"",""estimated"":""&mdash;"",""scheduled"":""2024-06-06T15:01:00Z"",""eta"":""&mdash;"",""arrival"":{""estimated"":null,""scheduled"":""2024-06-06T15:01:00Z""},""departure"":{""estimated"":null,""scheduled"":""2024-06-06T15:02:00Z""}},{""station"":""Woodstock"",""code"":""WDST"",""estimated"":""&mdash;"",""scheduled"":""2024-06-06T15:17:00Z"",""eta"":""&mdash;"",""arrival"":{""estimated"":null,""scheduled"":""2024-06-06T15:17:00Z""},""departure"":{""estimated"":null,""scheduled"":""2024-06-06T15:20:00Z""}},{""station"":""Brantford"",""code"":""BRTF"",""estimated"":""&mdash;"",""scheduled"":""2024-06-06T15:49:00Z"",""eta"":""&mdash;"",""arrival"":{""estimated"":null,""scheduled"":""2024-06-06T15:49:00Z""},""departure"":{""estimated"":null,""scheduled"":""2024-06-06T15:52:00Z""}},{""station"":""Aldershot"",""code"":""ALDR"",""estimated"":""&mdash;"",""scheduled"":""2024-06-06T16:23:00Z"",""eta"":""&mdash;"",""arrival"":{""estimated"":null,""scheduled"":""2024-06-06T16:23:00Z""},""departure"":{""estimated"":null,""scheduled"":""2024-06-06T16:26:00Z""}},{""station"":""Oakville"",""code"":""OAKV"",""estimated"":""&mdash;"",""scheduled"":""2024-06-06T16:39:00Z"",""eta"":""&mdash;"",""arrival"":{""estimated"":null,""scheduled"":""2024-06-06T16:39:00Z""},""departure"":{""estimated"":null,""scheduled"":""2024-06-06T16:41:00Z""}},{""station"":""Toronto"",""code"":""TRTO"",""estimated"":""&mdash;"",""scheduled"":""2024-06-06T17:05:00Z"",""eta"":""&mdash;"",""arrival"":{""estimated"":null,""scheduled"":""2024-06-06T17:05:00Z""}}]"
"62",,,,,,false,false,"TORONTO","MONTRÉAL","2024-06-06",,"[{""station"":""Toronto"",""code"":""TRTO"",""estimated"":""&mdash;"",""scheduled"":""2024-06-06T12:32:00Z"",""eta"":""&mdash;"",""departure"":{""estimated"":null,""scheduled"":""2024-06-06T12:32:00Z""}},{""station"":""Guildwood"",""code"":""GUIL"",""estimated"":""&mdash;"",""scheduled"":""2024-06-06T12:49:00Z"",""eta"":""&mdash;"",""arrival"":{""estimated"":null,""scheduled"":""2024-06-06T12:49:00Z""},""departure"":{""estimated"":null,""scheduled"":""2024-06-06T12:52:00Z""}},{""station"":""Oshawa"",""code"":""OSHA"",""estimated"":""&mdash;"",""scheduled"":""2024-06-06T13:08:00Z"",""eta"":""&mdash;"",""arrival"":{""estimated"":null,""scheduled"":""2024-06-06T13:08:00Z""},""departure"":{""estimated"":null,""scheduled"":""2024-06-06T13:11:00Z""}},{""station"":""Cobourg"",""code"":""CBRG"",""estimated"":""&mdash;"",""scheduled"":""2024-06-06T13:41:00Z"",""eta"":""&mdash;"",""arrival"":{""estimated"":null,""scheduled"":""2024-06-06T13:41:00Z""},""departure"":{""estimated"":null,""scheduled"":""2024-06-06T13:43:00Z""}},{""station"":""Belleville"",""code"":""BLVL"",""estimated"":""&mdash;"",""scheduled"":""2024-06-06T14:17:00Z"",""eta"":""&mdash;"",""arrival"":{""estimated"":null,""scheduled"":""2024-06-06T14:17:00Z""},""departure"":{""estimated"":null,""scheduled"":""2024-06-06T14:18:00Z""}},{""station"":""Kingston"",""code"":""KGON"",""estimated"":""&mdash;"",""scheduled"":""2024-06-06T14:53:00Z"",""eta"":""&mdash;"",""arrival"":{""estimated"":null,""scheduled"":""2024-06-06T14:53:00Z""},""departure"":{""estimated"":null,""scheduled"":""2024-06-06T14:57:00Z""}},{""station"":""Cornwall"",""code"":""CWLL"",""estimated"":""&mdash;"",""scheduled"":""2024-06-06T16:33:00Z"",""eta"":""&mdash;"",""arrival"":{""estimated"":null,""scheduled"":""2024-06-06T16:33:00Z""},""departure"":{""estimated"":null,""scheduled"":""2024-06-06T16:35:00Z""}},{""station"":""Dorval"",""code"":""DORV"",""estimated"":""&mdash;"",""scheduled"":""2024-06-06T17:22:00Z"",""eta"":""&mdash;"",""arrival"":{""estimated"":null,""scheduled"":""2024-06-06T17:22:00Z""},""departure"":{""estimated"":null,""scheduled"":""2024-06-06T17:25:00Z""}},{""station"":""Montréal"",""code"":""MTRL"",""estimated"":""&mdash;"",""scheduled"":""2024-06-06T17:45:00Z"",""eta"":""&mdash;"",""arrival"":{""estimated"":null,""scheduled"":""2024-06-06T17:45:00Z""}}]"
"61",,,,,,false,false,"MONTRÉAL","TORONTO","2024-06-06",,"[{""station"":""Montréal"",""code"":""MTRL"",""estimated"":""&mdash;"",""scheduled"":""2024-06-06T10:45:00Z"",""eta"":""&mdash;"",""departure"":{""estimated"":null,""scheduled"":""2024-06-06T10:45:00Z""}},{""station"":""Dorval"",""code"":""DORV"",""estimated"":""&mdash;"",""scheduled"":""2024-06-06T11:08:00Z"",""eta"":""&mdash;"",""arrival"":{""estimated"":null,""scheduled"":""2024-06-06T11:08:00Z""},""departure"":{""estimated"":null,""scheduled"":""2024-06-06T11:13:00Z""}},{""station"":""Cornwall"",""code"":""CWLL"",""estimated"":""&mdash;"",""scheduled"":""2024-06-06T12:02:00Z"",""eta"":""&mdash;"",""arrival"":{""estimated"":null,""scheduled"":""2024-06-06T12:02:00Z""},""departure"":{""estimated"":null,""scheduled"":""2024-06-06T12:05:00Z""}},{""station"":""Kingston"",""code"":""KGON"",""estimated"":""&mdash;"",""scheduled"":""2024-06-06T13:31:00Z"",""eta"":""&mdash;"",""arrival"":{""estimated"":null,""scheduled"":""2024-06-06T13:31:00Z""},""departure"":{""estimated"":null,""scheduled"":""2024-06-06T13:36:00Z""}},{""station"":""Belleville"",""code"":""BLVL"",""estimated"":""&mdash;"",""scheduled"":""2024-06-06T14:13:00Z"",""eta"":""&mdash;"",""arrival"":{""estimated"":null,""scheduled"":""2024-06-06T14:13:00Z""},""departure"":{""estimated"":null,""scheduled"":""2024-06-06T14:16:00Z""}},{""station"":""Oshawa"",""code"":""OSHA"",""estimated"":""&mdash;"",""scheduled"":""2024-06-06T15:23:00Z"",""eta"":""&mdash;"",""arrival"":{""estimated"":null,""scheduled"":""2024-06-06T15:23:00Z""},""departure"":{""estimated"":null,""scheduled"":""2024-06-06T15:25:00Z""}},{""station"":""Guildwood"",""code"":""GUIL"",""estimated"":""&mdash;"",""scheduled"":""2024-06-06T15:44:00Z"",""eta"":""&mdash;"",""arrival"":{""estimated"":null,""scheduled"":""2024-06-06T15:44:00Z""},""departure"":{""estimated"":null,""scheduled"":""2024-06-06T15:45:00Z""}},{""station"":""Toronto"",""code"":""TRTO"",""estimated"":""&mdash;"",""scheduled"":""2024-06-06T16:03:00Z"",""eta"":""&mdash;"",""arrival"":{""estimated"":null,""scheduled"":""2024-06-06T16:03:00Z""}}]"
"26",,,,,,false,false,"OTTAWA","QUÉBEC","2024-06-06",,"[{""station"":""Ottawa"",""code"":""OTTW"",""estimated"":""&mdash;"",""scheduled"":""2024-06-06T18:17:00Z"",""eta"":""&mdash;"",""departure"":{""estimated"":null,""scheduled"":""2024-06-06T18:17:00Z""}},{""station"":""Alexandria"",""code"":""ALEX"",""estimated"":""&mdash;"",""scheduled"":""2024-06-06T19:03:00Z"",""eta"":""&mdash;"",""arrival"":{""estimated"":null,""scheduled"":""2024-06-06T19:03:00Z""},""departure"":{""estimated"":null,""scheduled"":""2024-06-06T19:05:00Z""}},{""station"":""Coteau"",""code"":""COTO"",""estimated"":""&mdash;"",""scheduled"":""2024-06-06T19:26:00Z"",""eta"":""&mdash;"",""arrival"":{""estimated"":null,""scheduled"":""2024-06-06T19:26:00Z""},""departure"":{""estimated"":null,""scheduled"":""2024-06-06T19:27:00Z""}},{""station"":""Dorval"",""code"":""DORV"",""estimated"":""&mdash;"",""scheduled"":""2024-06-06T19:49:00Z"",""eta"":""&mdash;"",""arrival"":{""estimated"":null,""scheduled"":""2024-06-06T19:49:00Z""},""departure"":{""estimated"":null,""scheduled"":""2024-06-06T19:53:00Z""}},{""station"":""Montréal"",""code"":""MTRL"",""estimated"":""&mdash;"",""scheduled"":""2024-06-06T20:15:00Z"",""eta"":""&mdash;"",""arrival"":{""estimated"":null,""scheduled"":""2024-06-06T20:15:00Z""},""departure"":{""estimated"":""2024-06-06T20:40:00Z"",""scheduled"":""2024-06-06T20:40:00Z""}},{""station"":""St. Lambert"",""code"":""SLAM"",""estimated"":""2024-06-06T20:53:00Z"",""scheduled"":""2024-06-06T20:53:00Z"",""eta"":""12h18"",""arrival"":{""estimated"":""2024-06-06T20:53:00Z"",""scheduled"":""2024-06-06T20:53:00Z""},""departure"":{""estimated"":""2024-06-06T20:54:00Z"",""scheduled"":""2024-06-06T20:54:00Z""},""diff"":""goo"",""diffMin"":0},{""station"":""St. Hyacinthe"",""code"":""SHYA"",""estimated"":""2024-06-06T21:20:00Z"",""scheduled"":""2024-06-06T21:20:00Z"",""eta"":""12h45"",""arrival"":{""estimated"":""2024-06-06T21:20:00Z"",""scheduled"":""2024-06-06T21:20:00Z""},""departure"":{""estimated"":""2024-06-06T21:21:00Z"",""scheduled"":""2024-06-06T21:21:00Z""},""diff"":""goo"",""diffMin"":0},{""station"":""Drummondville"",""code"":""DRMV"",""estimated"":""2024-06-06T22:05:00Z"",""scheduled"":""2024-06-06T22:05:00Z"",""eta"":""13h30"",""arrival"":{""estimated"":""2024-06-06T22:05:00Z"",""scheduled"":""2024-06-06T22:05:00Z""},""departure"":{""estimated"":""2024-06-06T22:07:00Z"",""scheduled"":""2024-06-06T22:07:00Z""},""diff"":""goo"",""diffMin"":0}]"
"44",,,,,,false,false,"TORONTO","OTTAWA","2024-06-06",,"[{""station"":""Toronto"",""code"":""TRTO"",""estimated"":""&mdash;"",""scheduled"":""2024-06-06T18:17:00Z"",""eta"":""&mdash;"",""departure"":{""estimated"":null,""scheduled"":""2024-06-06T18:17:00Z""}},{""station"":""Oshawa"",""code"":""OSHA"",""estimated"":""&mdash;"",""scheduled"":""2024-06-06T18:53:00Z"",""eta"":""&mdash;"",""arrival"":{""estimated"":null,""scheduled"":""2024-06-06T18:53:00Z""},""departure"":{""estimated"":null,""scheduled"":""2024-06-06T18:56:00Z""}},{""station"":""Kingston"",""code"":""KGON"",""estimated"":""&mdash;"",""scheduled"":""2024-06-06T20:34:00Z"",""eta"":""&mdash;"",""arrival"":{""estimated"":null,""scheduled"":""2024-06-06T20:34:00Z""},""departure"":{""estimated"":null,""scheduled"":""2024-06-06T20:38:00Z""}},{""station"":""Brockville"",""code"":""BRKV"",""estimated"":""&mdash;"",""scheduled"":""2024-06-06T21:20:00Z"",""eta"":""&mdash;"",""arrival"":{""estimated"":null,""scheduled"":""2024-06-06T21:20:00Z""},""departure"":{""estimated"":null,""scheduled"":""2024-06-06T21:22:00Z""}},{""station"":""Smiths Falls"",""code"":""SMTF"",""estimated"":""&mdash;"",""scheduled"":""2024-06-06T21:50:00Z"",""eta"":""&mdash;"",""arrival"":{""estimated"":null,""scheduled"":""2024-06-06T21:50:00Z""},""departure"":{""estimated"":null,""scheduled"":""2024-06-06T21:52:00Z""}},{""station"":""Fallowfield"",""code"":""FALL"",""estimated"":""&mdash;"",""scheduled"":""2024-06-06T22:22:00Z"",""eta"":""&mdash;"",""arrival"":{""estimated"":null,""scheduled"":""2024-06-06T22:22:00Z""},""departure"":{""estimated"":null,""scheduled"":""2024-06-06T22:26:00Z""}}]"
"645",,,,,,false,false,"OTTAWA","TORONTO","2024-06-06",,"[{""station"":""Ottawa"",""code"":""OTTW"",""estimated"":""&mdash;"",""scheduled"":""2024-06-06T18:29:00Z"",""eta"":""&mdash;"",""departure"":{""estimated"":null,""scheduled"":""2024-06-06T18:29:00Z""}},{""station"":""Fallowfield"",""code"":""FALL"",""estimated"":""&mdash;"",""scheduled"":""2024-06-06T18:51:00Z"",""eta"":""&mdash;"",""arrival"":{""estimated"":null,""scheduled"":""2024-06-06T18:51:00Z""},""departure"":{""estimated"":null,""scheduled"":""2024-06-06T18:57:00Z""}},{""station"":""Kingston"",""code"":""KGON"",""estimated"":""&mdash;"",""scheduled"":""2024-06-06T20:34:00Z"",""eta"":""&mdash;"",""arrival"":{""estimated"":null,""scheduled"":""2024-06-06T20:34:00Z""},""departure"":{""estimated"":null,""scheduled"":""2024-06-06T20:37:00Z""}},{""station"":""Belleville"",""code"":""BLVL"",""estimated"":""&mdash;"",""scheduled"":""2024-06-06T21:16:00Z"",""eta"":""&mdash;"",""arrival"":{""estimated"":null,""scheduled"":""2024-06-06T21:16:00Z""},""departure"":{""estimated"":null,""scheduled"":""2024-06-06T21:18:00Z""}},{""station"":""Oshawa"",""code"":""OSHA"",""estimated"":""&mdash;"",""scheduled"":""2024-06-06T22:23:00Z"",""eta"":""&mdash;"",""arrival"":{""estimated"":null,""scheduled"":""2024-06-06T22:23:00Z""},""departure"":{""estimated"":null,""scheduled"":""2024-06-06T22:25:00Z""}}]"
"39",,,,,,false,false,"QUÉBEC","OTTAWA","2024-06-06",,"[{""station"":""Québec"",""code"":""QBEC"",""estimated"":""&mdash;"",""scheduled"":""2024-06-06T18:57:00Z"",""eta"":""&mdash;"",""departure"":{""estimated"":null,""scheduled"":""2024-06-06T18:57:00Z""}},{""station"":""Ste-Foy"",""code"":""SFOY"",""estimated"":""&mdash;"",""scheduled"":""2024-06-06T19:22:00Z"",""eta"":""&mdash;"",""arrival"":{""estimated"":null,""scheduled"":""2024-06-06T19:22:00Z""},""departure"":{""estimated"":null,""scheduled"":""2024-06-06T19:24:00Z""}},{""station"":""Drummondville"",""code"":""DRMV"",""estimated"":""&mdash;"",""scheduled"":""2024-06-06T20:58:00Z"",""eta"":""&mdash;"",""arrival"":{""estimated"":null,""scheduled"":""2024-06-06T20:58:00Z""},""departure"":{""estimated"":null,""scheduled"":""2024-06-06T21:00:00Z""}},{""station"":""St. Lambert"",""code"":""SLAM"",""estimated"":""&mdash;"",""scheduled"":""2024-06-06T21:57:00Z"",""eta"":""&mdash;"",""arrival"":{""estimated"":null,""scheduled"":""2024-06-06T21:57:00Z""},""departure"":{""estimated"":null,""scheduled"":""2024-06-06T21:58:00Z""}},{""station"":""Montréal"",""code"":""MTRL"",""estimated"":""&mdash;"",""scheduled"":""2024-06-06T22:11:00Z"",""eta"":""&mdash;"",""arrival"":{""estimated"":null,""scheduled"":""2024-06-06T22:11:00Z""},""departure"":{""estimated"":""2024-06-06T22:50:00Z"",""scheduled"":""2024-06-06T22:50:00Z""}}]"
"66",,,,,,false,false,"TORONTO","MONTRÉAL","2024-06-06",,"[{""station"":""Toronto"",""code"":""TRTO"",""estimated"":""&mdash;"",""scheduled"":""2024-06-06T19:17:00Z"",""eta"":""&mdash;"",""departure"":{""estimated"":null,""scheduled"":""2024-06-06T19:17:00Z""}},{""station"":""Guildwood"",""code"":""GUIL"",""estimated"":""&mdash;"",""scheduled"":""2024-06-06T19:36:00Z"",""eta"":""&mdash;"",""arrival"":{""estimated"":null,""scheduled"":""2024-06-06T19:36:00Z""},""departure"":{""estimated"":null,""scheduled"":""2024-06-06T19:37:00Z""}},{""station"":""Oshawa"",""code"":""OSHA"",""estimated"":""&mdash;"",""scheduled"":""2024-06-06T19:53:00Z"",""eta"":""&mdash;"",""arrival"":{""estimated"":null,""scheduled"":""2024-06-06T19:53:00Z""},""departure"":{""estimated"":null,""scheduled"":""2024-06-06T19:56:00Z""}},{""station"":""Belleville"",""code"":""BLVL"",""estimated"":""&mdash;"",""scheduled"":""2024-06-06T20:59:00Z"",""eta"":""&mdash;"",""arrival"":{""estimated"":null,""scheduled"":""2024-06-06T20:59:00Z""},""departure"":{""estimated"":null,""scheduled"":""2024-06-06T21:02:00Z""}},{""station"":""Kingston"",""code"":""KGON"",""estimated"":""&mdash;"",""scheduled"":""2024-06-06T21:37:00Z"",""eta"":""&mdash;"",""arrival"":{""estimated"":null,""scheduled"":""2024-06-06T21:37:00Z""},""departure"":{""estimated"":null,""scheduled"":""2024-06-06T21:41:00Z""}}]"
"46",,,,,,false,false,"TORONTO","OTTAWA","2024-06-06",,"[{""station"":""Toronto"",""code"":""TRTO"",""estimated"":""&mdash;"",""scheduled"":""2024-06-06T19:32:00Z"",""eta"":""&mdash;"",""departure"":{""estimated"":null,""scheduled"":""2024-06-06T19:32:00Z""}},{""station"":""Guildwood"",""code"":""GUIL"",""estimated"":""&mdash;"",""scheduled"":""2024-06-06T19:50:00Z"",""eta"":""&mdash;"",""arrival"":{""estimated"":null,""scheduled"":""2024-06-06T19:50:00Z""},""departure"":{""estimated"":null,""scheduled"":""2024-06-06T19:52:00Z""}},{""station"":""Oshawa"",""code"":""OSHA"",""estimated"":""&mdash;"",""scheduled"":""2024-06-06T20:08:00Z"",""eta"":""&mdash;"",""arrival"":{""estimated"":null,""scheduled"":""2024-06-06T20:08:00Z""},""departure"":{""estimated"":null,""scheduled"":""2024-06-06T20:12:00Z""}},{""station"":""Cobourg"",""code"":""CBRG"",""estimated"":""&mdash;"",""scheduled"":""2024-06-06T20:43:00Z"",""eta"":""&mdash;"",""arrival"":{""estimated"":null,""scheduled"":""2024-06-06T20:43:00Z""},""departure"":{""estimated"":null,""scheduled"":""2024-06-06T20:45:00Z""}},{""station"":""Kingston"",""code"":""KGON"",""estimated"":""&mdash;"",""scheduled"":""2024-06-06T21:55:00Z"",""eta"":""&mdash;"",""arrival"":{""estimated"":null,""scheduled"":""2024-06-06T21:55:00Z""},""departure"":{""estimated"":null,""scheduled"":""2024-06-06T21:58:00Z""}}]"
"55",,,,,,false,false,"OTTAWA","TORONTO","2024-06-06",,"[{""station"":""Ottawa"",""code"":""OTTW"",""estimated"":""&mdash;"",""scheduled"":""2024-06-06T19:33:00Z"",""eta"":""&mdash;"",""departure"":{""estimated"":null,""scheduled"":""2024-06-06T19:33:00Z""}},{""station"":""Fallowfield"",""code"":""FALL"",""estimated"":""&mdash;"",""scheduled"":""2024-06-06T19:50:00Z"",""eta"":""&mdash;"",""arrival"":{""estimated"":null,""scheduled"":""2024-06-06T19:50:00Z""},""departure"":{""estimated"":null,""scheduled"":""2024-06-06T19:53:00Z""}},{""station"":""Brockville"",""code"":""BRKV"",""estimated"":""&mdash;"",""scheduled"":""2024-06-06T20:56:00Z"",""eta"":""&mdash;"",""arrival"":{""estimated"":null,""scheduled"":""2024-06-06T20:56:00Z""},""departure"":{""estimated"":null,""scheduled"":""2024-06-06T20:59:00Z""}},{""station"":""Kingston"",""code"":""KGON"",""estimated"":""&mdash;"",""scheduled"":""2024-06-06T21:40:00Z"",""eta"":""&mdash;"",""arrival"":{""estimated"":null,""scheduled"":""2024-06-06T21:40:00Z""},""departure"":{""estimated"":null,""scheduled"":""2024-06-06T21:44:00Z""}},{""station"":""Napanee"",""code"":""NAPN"",""estimated"":""&mdash;"",""scheduled"":""2024-06-06T22:06:00Z"",""eta"":""&mdash;"",""arrival"":{""estimated"":null,""scheduled"":""2024-06-06T22:06:00Z""},""departure"":{""estimated"":null,""scheduled"":""2024-06-06T22:07:00Z""}},{""station"":""Belleville"",""code"":""BLVL"",""estimated"":""&mdash;"",""scheduled"":""2024-06-06T22:24:00Z"",""eta"":""&mdash;"",""arrival"":{""estimated"":null,""scheduled"":""2024-06-06T22:24:00Z""},""departure"":{""estimated"":null,""scheduled"":""2024-06-06T22:25:00Z""}}]"
"28",,,,,,false,false,"OTTAWA","QUÉBEC","2024-06-06",,"[{""station"":""Ottawa"",""code"":""OTTW"",""estimated"":""&mdash;"",""scheduled"":""2024-06-06T20:05:00Z"",""eta"":""&mdash;"",""departure"":{""estimated"":null,""scheduled"":""2024-06-06T20:05:00Z""}},{""station"":""Casselman"",""code"":""CSLM"",""estimated"":""&mdash;"",""scheduled"":""2024-06-06T20:31:00Z"",""eta"":""&mdash;"",""arrival"":{""estimated"":null,""scheduled"":""2024-06-06T20:31:00Z""},""departure"":{""estimated"":null,""scheduled"":""2024-06-06T20:32:00Z""}},{""station"":""Alexandria"",""code"":""ALEX"",""estimated"":""&mdash;"",""scheduled"":""2024-06-06T20:53:00Z"",""eta"":""&mdash;"",""arrival"":{""estimated"":null,""scheduled"":""2024-06-06T20:53:00Z""},""departure"":{""estimated"":null,""scheduled"":""2024-06-06T20:54:00Z""}},{""station"":""Coteau"",""code"":""COTO"",""estimated"":""&mdash;"",""scheduled"":""2024-06-06T21:15:00Z"",""eta"":""&mdash;"",""arrival"":{""estimated"":null,""scheduled"":""2024-06-06T21:15:00Z""},""departure"":{""estimated"":null,""scheduled"":""2024-06-06T21:16:00Z""}},{""station"":""Dorval"",""code"":""DORV"",""estimated"":""&mdash;"",""scheduled"":""2024-06-06T21:38:00Z"",""eta"":""&mdash;"",""arrival"":{""estimated"":null,""scheduled"":""2024-06-06T21:38:00Z""},""departure"":{""estimated"":null,""scheduled"":""2024-06-06T21:42:00Z""}},{""station"":""Montréal"",""code"":""MTRL"",""estimated"":""&mdash;"",""scheduled"":""2024-06-06T22:04:00Z"",""eta"":""&mdash;"",""arrival"":{""estimated"":null,""scheduled"":""2024-06-06T22:04:00Z""},""departure"":{""estimated"":""2024-06-06T22:25:00Z"",""scheduled"":""2024-06-06T22:25:00Z""}}]"
"83",,,,,,false,false,"TORONTO","LONDON","2024-06-06",,"[{""station"":""Toronto"",""code"":""TRTO"",""estimated"":""&mdash;"",""scheduled"":""2024-06-06T20:15:00Z"",""eta"":""&mdash;"",""departure"":{""estimated"":null,""scheduled"":""2024-06-06T20:15:00Z""}},{""station"":""Aldershot"",""code"":""ALDR"",""estimated"":""&mdash;"",""scheduled"":""2024-06-06T20:50:00Z"",""eta"":""&mdash;"",""arrival"":{""estimated"":null,""scheduled"":""2024-06-06T20:50:00Z""},""departure"":{""estimated"":null,""scheduled"":""2024-06-06T20:52:00Z""}},{""station"":""Brantford"",""code"":""BRTF"",""estimated"":""&mdash;"",""scheduled"":""2024-06-06T21:20:00Z"",""eta"":""&mdash;"",""arrival"":{""estimated"":null,""scheduled"":""2024-06-06T21:20:00Z""},""departure"":{""estimated"":null,""scheduled"":""2024-06-06T21:22:00Z""}},{""station"":""Woodstock"",""code"":""WDST"",""estimated"":""&mdash;"",""scheduled"":""2024-06-06T21:48:00Z"",""eta"":""&mdash;"",""arrival"":{""estimated"":null,""scheduled"":""2024-06-06T21:48:00Z""},""departure"":{""estimated"":null,""scheduled"":""2024-06-06T21:49:00Z""}},{""station"":""London"",""code"":""LNDN"",""estimated"":""&mdash;"",""scheduled"":""2024-06-06T22:27:00Z"",""eta"":""&mdash;"",""arrival"":{""estimated"":null,""scheduled"":""2024-06-06T22:27:00Z""}}]"
"646",,,,,,false,false,"TORONTO","OTTAWA","2024-06-06",,"[{""station"":""Toronto"",""code"":""TRTO"",""estimated"":""&mdash;"",""scheduled"":""2024-06-06T20:32:00Z"",""eta"":""&mdash;"",""departure"":{""estimated"":null,""scheduled"":""2024-06-06T20:32:00Z""}},{""station"":""Guildwood"",""code"":""GUIL"",""estimated"":""&mdash;"",""scheduled"":""2024-06-06T20:50:00Z"",""eta"":""&mdash;"",""arrival"":{""estimated"":null,""scheduled"":""2024-06-06T20:50:00Z""},""departure"":{""estimated"":null,""scheduled"":""2024-06-06T20:52:00Z""}},{""station"":""Oshawa"",""code"":""OSHA"",""estimated"":""&mdash;"",""scheduled"":""2024-06-06T21:08:00Z"",""eta"":""&mdash;"",""arrival"":{""estimated"":null,""scheduled"":""2024-06-06T21:08:00Z""},""departure"":{""estimated"":null,""scheduled"":""2024-06-06T21:10:00Z""}},{""station"":""Belleville"",""code"":""BLVL"",""estimated"":""&mdash;"",""scheduled"":""2024-06-06T22:15:00Z"",""eta"":""&mdash;"",""arrival"":{""estimated"":null,""scheduled"":""2024-06-06T22:15:00Z""},""departure"":{""estimated"":null,""scheduled"":""2024-06-06T22:16:00Z""}}]"
"69",,,,,,false,false,"MONTRÉAL","TORONTO","2024-06-06",,"[{""station"":""Montréal"",""code"":""MTRL"",""estimated"":""&mdash;"",""scheduled"":""2024-06-06T20:58:00Z"",""eta"":""&mdash;"",""departure"":{""estimated"":null,""scheduled"":""2024-06-06T20:58:00Z""}},{""station"":""Dorval"",""code"":""DORV"",""estimated"":""&mdash;"",""scheduled"":""2024-06-06T21:20:00Z"",""eta"":""&mdash;"",""arrival"":{""estimated"":null,""scheduled"":""2024-06-06T21:20:00Z""},""departure"":{""estimated"":null,""scheduled"":""2024-06-06T21:24:00Z""}},{""station"":""Cornwall"",""code"":""CWLL"",""estimated"":""&mdash;"",""scheduled"":""2024-06-06T22:07:00Z"",""eta"":""&mdash;"",""arrival"":{""estimated"":null,""scheduled"":""2024-06-06T22:07:00Z""},""departure"":{""estimated"":null,""scheduled"":""2024-06-06T22:09:00Z""}}]"
"68",,,,,,false,false,"TORONTO","MONTRÉAL","2024-06-06",,"[{""station"":""Toronto"",""code"":""TRTO"",""estimated"":""&mdash;"",""scheduled"":""2024-06-06T21:02:00Z"",""eta"":""&mdash;"",""departure"":{""estimated"":null,""scheduled"":""2024-06-06T21:02:00Z""}},{""station"":""Guildwood"",""code"":""GUIL"",""estimated"":""&mdash;"",""scheduled"":""2024-06-06T21:21:00Z"",""eta"":""&mdash;"",""arrival"":{""estimated"":null,""scheduled"":""2024-06-06T21:21:00Z""},""departure"":{""estimated"":null,""scheduled"":""2024-06-06T21:22:00Z""}},{""station"":""Oshawa"",""code"":""OSHA"",""estimated"":""&mdash;"",""scheduled"":""2024-06-06T21:38:00Z"",""eta"":""&mdash;"",""arrival"":{""estimated"":null,""scheduled"":""2024-06-06T21:38:00Z""},""departure"":{""estimated"":null,""scheduled"":""2024-06-06T21:40:00Z""}},{""station"":""Cobourg"",""code"":""CBRG"",""estimated"":""&mdash;"",""scheduled"":""2024-06-06T22:10:00Z"",""eta"":""&mdash;"",""arrival"":{""estimated"":null,""scheduled"":""2024-06-06T22:10:00Z""},""departure"":{""estimated"":null,""scheduled"":""2024-06-06T22:11:00Z""}}]"
"75",,,,,,false,false,"TORONTO","WINDSOR","2024-06-06",,"[{""station"":""Toronto"",""code"":""TRTO"",""estimated"":""&mdash;"",""scheduled"":""2024-06-06T21:22:00Z"",""eta"":""&mdash;"",""departure"":{""estimated"":null,""scheduled"":""2024-06-06T21:22:00Z""}},{""station"":""Oakville"",""code"":""OAKV"",""estimated"":""&mdash;"",""scheduled"":""2024-06-06T21:45:00Z"",""eta"":""&mdash;"",""arrival"":{""estimated"":null,""scheduled"":""2024-06-06T21:45:00Z""},""departure"":{""estimated"":null,""scheduled"":""2024-06-06T21:48:00Z""}},{""station"":""Aldershot"",""code"":""ALDR"",""estimated"":""&mdash;"",""scheduled"":""2024-06-06T22:01:00Z"",""eta"":""&mdash;"",""arrival"":{""estimated"":null,""scheduled"":""2024-06-06T22:01:00Z""},""departure"":{""estimated"":null,""scheduled"":""2024-06-06T22:04:00Z""}},{""station"":""Brantford"",""code"":""BRTF"",""estimated"":""&mdash;"",""scheduled"":""2024-06-06T22:33:00Z"",""eta"":""&mdash;"",""arrival"":{""estimated"":null,""scheduled"":""2024-06-06T22:33:00Z""},""departure"":{""estimated"":null,""scheduled"":""2024-06-06T22:36:00Z""}}]"
"54",,,,,,false,false,"TORONTO","OTTAWA","2024-06-06",,"[{""station"":""Toronto"",""code"":""TRTO"",""estimated"":""&mdash;"",""scheduled"":""2024-06-06T21:32:00Z"",""eta"":""&mdash;"",""departure"":{""estimated"":null,""scheduled"":""2024-06-06T21:32:00Z""}},{""station"":""Guildwood"",""code"":""GUIL"",""estimated"":""&mdash;"",""scheduled"":""2024-06-06T21:50:00Z"",""eta"":""&mdash;"",""arrival"":{""estimated"":null,""scheduled"":""2024-06-06T21:50:00Z""},""departure"":{""estimated"":null,""scheduled"":""2024-06-06T21:52:00Z""}},{""station"":""Oshawa"",""code"":""OSHA"",""estimated"":""&mdash;"",""scheduled"":""2024-06-06T22:08:00Z"",""eta"":""&mdash;"",""arrival"":{""estimated"":null,""scheduled"":""2024-06-06T22:08:00Z""},""departure"":{""estimated"":null,""scheduled"":""2024-06-06T22:11:00Z""}}]"
"78",,,,,,false,false,"WINDSOR","TORONTO","2024-06-06",,"[{""station"":""Windsor"",""code"":""WDON"",""estimated"":""&mdash;"",""scheduled"":""2024-06-06T21:40:00Z"",""eta"":""&mdash;"",""departure"":{""estimated"":null,""scheduled"":""2024-06-06T21:40:00Z""}},{""station"":""Chatham"",""code"":""CHAT"",""estimated"":""&mdash;"",""scheduled"":""2024-06-06T22:24:00Z"",""eta"":""&mdash;"",""arrival"":{""estimated"":null,""scheduled"":""2024-06-06T22:24:00Z""},""departure"":{""estimated"":null,""scheduled"":""2024-06-06T22:28:00Z""}}]"
"87",,,,,,false,false,"TORONTO","SARNIA","2024-06-06",,"[{""station"":""Toronto"",""code"":""TRTO"",""estimated"":""&mdash;"",""scheduled"":""2024-06-06T21:40:00Z"",""eta"":""&mdash;"",""departure"":{""estimated"":null,""scheduled"":""2024-06-06T21:40:00Z""}},{""station"":""Malton"",""code"":""MALT"",""estimated"":""&mdash;"",""scheduled"":""2024-06-06T22:00:00Z"",""eta"":""&mdash;"",""arrival"":{""estimated"":null,""scheduled"":""2024-06-06T22:00:00Z""},""departure"":{""estimated"":null,""scheduled"":""2024-06-06T22:01:00Z""}},{""station"":""Brampton"",""code"":""BRMP"",""estimated"":""&mdash;"",""scheduled"":""2024-06-06T22:12:00Z"",""eta"":""&mdash;"",""arrival"":{""estimated"":null,""scheduled"":""2024-06-06T22:12:00Z""},""departure"":{""estimated"":null,""scheduled"":""2024-06-06T22:14:00Z""}},{""station"":""Georgetown"",""code"":""GEOR"",""estimated"":""&mdash;"",""scheduled"":""2024-06-06T22:24:00Z"",""eta"":""&mdash;"",""arrival"":{""estimated"":null,""scheduled"":""2024-06-06T22:24:00Z""},""departure"":{""estimated"":null,""scheduled"":""2024-06-06T22:26:00Z""}}]"
"29",,,,,,false,false,"QUÉBEC","MONTRÉAL","2024-06-06",,"[{""station"":""Québec"",""code"":""QBEC"",""estimated"":""&mdash;"",""scheduled"":""2024-06-06T21:41:00Z"",""eta"":""&mdash;"",""departure"":{""estimated"":null,""scheduled"":""2024-06-06T21:41:00Z""}},{""station"":""Ste-Foy"",""code"":""SFOY"",""estimated"":""&mdash;"",""scheduled"":""2024-06-06T22:06:00Z"",""eta"":""&mdash;"",""arrival"":{""estimated"":null,""scheduled"":""2024-06-06T22:06:00Z""},""departure"":{""estimated"":null,""scheduled"":""2024-06-06T22:08:00Z""}}]"
"98",,,,,,false,false,"NIAGARA FALLS","TORONTO","2024-06-06",,"[{""station"":""Niagara Falls"",""code"":""NIAG"",""estimated"":""&mdash;"",""scheduled"":""2024-06-06T21:45:00Z"",""eta"":""&mdash;"",""departure"":{""estimated"":null,""scheduled"":""2024-06-06T21:45:00Z""}},{""station"":""St. Catharines"",""code"":""SCAT"",""estimated"":""&mdash;"",""scheduled"":""2024-06-06T22:06:00Z"",""eta"":""&mdash;"",""arrival"":{""estimated"":null,""scheduled"":""2024-06-06T22:06:00Z""},""departure"":{""estimated"":null,""scheduled"":""2024-06-06T22:08:00Z""}},{""station"":""Grimsby"",""code"":""GRIM"",""estimated"":""&mdash;"",""scheduled"":""2024-06-06T22:26:00Z"",""eta"":""&mdash;"",""arrival"":{""estimated"":null,""scheduled"":""2024-06-06T22:26:00Z""},""departure"":{""estimated"":null,""scheduled"":""2024-06-06T22:27:00Z""}}]"
"59",,,,,,false,false,"OTTAWA","TORONTO","2024-06-06",,"[{""station"":""Ottawa"",""code"":""OTTW"",""estimated"":""&mdash;"",""scheduled"":""2024-06-06T21:48:00Z"",""eta"":""&mdash;"",""departure"":{""estimated"":null,""scheduled"":""2024-06-06T21:48:00Z""}},{""station"":""Fallowfield"",""code"":""FALL"",""estimated"":""&mdash;"",""scheduled"":""2024-06-06T22:03:00Z"",""eta"":""&mdash;"",""arrival"":{""estimated"":null,""scheduled"":""2024-06-06T22:03:00Z""},""departure"":{""estimated"":null,""scheduled"":""2024-06-06T22:08:00Z""}},{""station"":""Smiths Falls"",""code"":""SMTF"",""estimated"":""&mdash;"",""scheduled"":""2024-06-06T22:32:00Z"",""eta"":""&mdash;"",""arrival"":{""estimated"":null,""scheduled"":""2024-06-06T22:32:00Z""},""departure"":{""estimated"":null,""scheduled"":""2024-06-06T22:34:00Z""}}]"
"38",,,,,,false,false,"OTTAWA","MONTRÉAL","2024-06-06",,"[{""station"":""Ottawa"",""code"":""OTTW"",""estimated"":""&mdash;"",""scheduled"":""2024-06-06T21:55:00Z"",""eta"":""&mdash;"",""departure"":{""estimated"":null,""scheduled"":""2024-06-06T21:55:00Z""}},{""station"":""Casselman"",""code"":""CSLM"",""estimated"":""&mdash;"",""scheduled"":""2024-06-06T22:26:00Z"",""eta"":""&mdash;"",""arrival"":{""estimated"":null,""scheduled"":""2024-06-06T22:26:00Z""},""departure"":{""estimated"":null,""scheduled"":""2024-06-06T22:27:00Z""}}]"
"668",,,,,,false,false,"TORONTO","MONTRÉAL","2024-06-06",,"[{""station"":""Toronto"",""code"":""TRTO"",""estimated"":""&mdash;"",""scheduled"":""2024-06-06T22:02:00Z"",""eta"":""&mdash;"",""departure"":{""estimated"":null,""scheduled"":""2024-06-06T22:02:00Z""}},{""station"":""Guildwood"",""code"":""GUIL"",""estimated"":""&mdash;"",""scheduled"":""2024-06-06T22:19:00Z"",""eta"":""&mdash;"",""arrival"":{""estimated"":null,""scheduled"":""2024-06-06T22:19:00Z""},""departure"":{""estimated"":null,""scheduled"":""2024-06-06T22:22:00Z""}}]"
"669",,,,,,false,false,"MONTRÉAL","TORONTO","2024-06-06",,"[{""station"":""Montréal"",""code"":""MTRL"",""estimated"":""&mdash;"",""scheduled"":""2024-06-06T22:25:00Z"",""eta"":""&mdash;"",""departure"":{""estimated"":null,""scheduled"":""2024-06-06T22:25:00Z""}}]"
"48",,,,,,false,false,"TORONTO","OTTAWA","2024-06-06",,"[{""station"":""Toronto"",""code"":""TRTO"",""estimated"":""&mdash;"",""scheduled"":""2024-06-06T22:32:00Z"",""eta"":""&mdash;"",""departure"":{""estimated"":null,""scheduled"":""2024-06-06T22:32:00Z""}}]"
"603",,,,,,true,false,"MONTRÉAL","SENNETERRE","2024-06-05",,"[{""station"":""Anjou"",""code"":""ANJO"",""estimated"":""2024-06-05T20:18:47Z"",""scheduled"":""2024-06-05T20:09:00Z"",""eta"":""ARR"",""arrival"":{""estimated"":""2024-06-05T20:18:47Z"",""scheduled"":""2024-06-05T20:09:00Z""},""departure"":{""estimated"":""2024-06-05T20:18:47Z"",""scheduled"":""2024-06-05T20:10:00Z""},""diff"":""med"",""diffMin"":9},{""station"":""Cressman"",""code"":""CRSM"",""estimated"":""2024-06-06T02:40:49Z"",""scheduled"":""2024-06-06T01:34:00Z"",""eta"":""ARR"",""arrival"":{""estimated"":""2024-06-06T02:40:49Z"",""scheduled"":""2024-06-06T01:34:00Z""},""departure"":{""estimated"":""2024-06-06T02:40:49Z"",""scheduled"":""2024-06-06T01:34:02Z""},""diff"":""bad"",""diffMin"":66},{""station"":""Club Vermillion"",""code"":""VMLC"",""estimated"":""2024-06-06T02:48:49Z"",""scheduled"":""2024-06-06T01:42:00Z"",""eta"":""ARR"",""arrival"":{""estimated"":""2024-06-06T02:48:49Z"",""scheduled"":""2024-06-06T01:42:00Z""},""departure"":{""estimated"":""2024-06-06T02:48:49Z"",""scheduled"":""2024-06-06T01:42:02Z""},""diff"":""bad"",""diffMin"":66},{""station"":""Rapide-Blanc"",""code"":""RAPB"",""estimated"":""2024-06-06T02:51:49Z"",""scheduled"":""2024-06-06T01:45:00Z"",""eta"":""ARR"",""arrival"":{""estimated"":""2024-06-06T02:51:49Z"",""scheduled"":""2024-06-06T01:45:00Z""},""departure"":{""estimated"":""2024-06-06T02:51:49Z"",""scheduled"":""2024-06-06T01:45:02Z""},""diff"":""bad"",""diffMin"":66},{""station"":""Lac-Darey"",""code"":""LDAR"",""estimated"":""2024-06-06T03:10:49Z"",""scheduled"":""2024-06-06T02:04:00Z"",""eta"":""ARR"",""arrival"":{""estimated"":""2024-06-06T03:10:49Z"",""scheduled"":""2024-06-06T02:04:00Z""},""departure"":{""estimated"":""2024-06-06T03:10:49Z"",""scheduled"":""2024-06-06T02:04:02Z""},""diff"":""bad"",""diffMin"":66},{""station"":""Duplessis"",""code"":""DUPL"",""estimated"":""2024-06-06T03:23:49Z"",""scheduled"":""2024-06-06T02:17:00Z"",""eta"":""ARR"",""arrival"":{""estimated"":""2024-06-06T03:23:49Z"",""scheduled"":""2024-06-06T02:17:00Z""},""departure"":{""estimated"":""2024-06-06T03:23:49Z"",""scheduled"":""2024-06-06T02:17:02Z""},""diff"":""bad"",""diffMin"":66},{""station"":""Mctavish"",""code"":""MCTC"",""estimated"":""2024-06-06T03:36:49Z"",""scheduled"":""2024-06-06T02:30:00Z"",""eta"":""ARR"",""arrival"":{""estimated"":""2024-06-06T03:36:49Z"",""scheduled"":""2024-06-06T02:30:00Z""},""departure"":{""estimated"":""2024-06-06T03:36:49Z"",""scheduled"":""2024-06-06T02:30:02Z""},""diff"":""bad"",""diffMin"":66},{""station"":""Windigo"",""code"":""WNDG"",""estimated"":""2024-06-06T03:38:49Z"",""scheduled"":""2024-06-06T02:32:00Z"",""eta"":""ARR"",""arrival"":{""estimated"":""2024-06-06T03:38:49Z"",""scheduled"":""2024-06-06T02:32:00Z""},""departure"":{""estimated"":""2024-06-06T03:38:49Z"",""scheduled"":""2024-06-06T02:32:02Z""},""diff"":""bad"",""diffMin"":66},{""station"":""Ferguson"",""code"":""FERG"",""estimated"":""2024-06-06T03:46:49Z"",""scheduled"":""2024-06-06T02:40:00Z"",""eta"":""ARR"",""arrival"":{""estimated"":""2024-06-06T03:46:49Z"",""scheduled"":""2024-06-06T02:40:00Z""},""departure"":{""estimated"":""2024-06-06T03:46:49Z"",""scheduled"":""2024-06-06T02:40:02Z""},""diff"":""bad"",""diffMin"":66},{""station"":""Club Wigwam"",""code"":""WGWC"",""estimated"":""2024-06-06T03:52:49Z"",""scheduled"":""2024-06-06T02:46:00Z"",""eta"":""ARR"",""arrival"":{""estimated"":""2024-06-06T03:52:49Z"",""scheduled"":""2024-06-06T02:46:00Z""},""departure"":{""estimated"":""2024-06-06T03:52:49Z"",""scheduled"":""2024-06-06T02:46:02Z""},""diff"":""bad"",""diffMin"":66},{""station"":""Vandry"",""code"":""VDRY"",""estimated"":""2024-06-06T04:00:49Z"",""scheduled"":""2024-06-06T02:54:00Z"",""eta"":""ARR"",""arrival"":{""estimated"":""2024-06-06T04:00:49Z"",""scheduled"":""2024-06-06T02:54:00Z""},""departure"":{""estimated"":""2024-06-06T04:00:49Z"",""scheduled"":""2024-06-06T02:54:02Z""},""diff"":""bad"",""diffMin"":66},{""station"":""Dessane"",""code"":""DESS"",""estimated"":""2024-06-06T04:06:49Z"",""scheduled"":""2024-06-06T03:00:00Z"",""eta"":""ARR"",""arrival"":{""estimated"":""2024-06-06T04:06:49Z"",""scheduled"":""2024-06-06T03:00:00Z""},""departure"":{""estimated"":""2024-06-06T04:06:49Z"",""scheduled"":""2024-06-06T03:00:02Z""},""diff"":""bad"",""diffMin"":66},{""station"":""Saint-Maurice Rivière-Boom"",""code"":""SMRB"",""estimated"":""2024-06-06T04:15:49Z"",""scheduled"":""2024-06-06T03:09:00Z"",""eta"":""ARR"",""arrival"":{""estimated"":""2024-06-06T04:15:49Z"",""scheduled"":""2024-06-06T03:09:00Z""},""departure"":{""estimated"":""2024-06-06T04:15:49Z"",""scheduled"":""2024-06-06T03:09:02Z""},""diff"":""bad"",""diffMin"":66},{""station"":""Weymont"",""code"":""WYMT"",""estimated"":""2024-06-06T04:17:49Z"",""scheduled"":""2024-06-06T03:11:00Z"",""eta"":""ARR"",""arrival"":{""estimated"":""2024-06-06T04:17:49Z"",""scheduled"":""2024-06-06T03:11:00Z""},""departure"":{""estimated"":""2024-06-06T04:17:49Z"",""scheduled"":""2024-06-06T03:12:00Z""},""diff"":""bad"",""diffMin"":66},{""station"":""Sanmaur"",""code"":""SANM"",""estimated"":""2024-06-06T04:20:49Z"",""scheduled"":""2024-06-06T03:14:00Z"",""eta"":""ARR"",""arrival"":{""estimated"":""2024-06-06T04:20:49Z"",""scheduled"":""2024-06-06T03:14:00Z""},""departure"":{""estimated"":""2024-06-06T04:20:49Z"",""scheduled"":""2024-06-06T03:14:02Z""},""diff"":""bad"",""diffMin"":66},{""station"":""Cann"",""code"":""CANN"",""estimated"":""2024-06-06T04:27:49Z"",""scheduled"":""2024-06-06T03:21:00Z"",""eta"":""ARR"",""arrival"":{""estimated"":""2024-06-06T04:27:49Z"",""scheduled"":""2024-06-06T03:21:00Z""},""departure"":{""estimated"":""2024-06-06T04:27:49Z"",""scheduled"":""2024-06-06T03:21:02Z""},""diff"":""bad"",""diffMin"":66},{""station"":""Club Belanger"",""code"":""BLGC"",""estimated"":""2024-06-06T04:33:49Z"",""scheduled"":""2024-06-06T03:27:00Z"",""eta"":""ARR"",""arrival"":{""estimated"":""2024-06-06T04:33:49Z"",""scheduled"":""2024-06-06T03:27:00Z""},""departure"":{""estimated"":""2024-06-06T04:33:49Z"",""scheduled"":""2024-06-06T03:27:02Z""},""diff"":""bad"",""diffMin"":66},{""station"":""Hibbard"",""code"":""HIBB"",""estimated"":""2024-06-06T04:44:49Z"",""scheduled"":""2024-06-06T03:38:00Z"",""eta"":""ARR"",""arrival"":{""estimated"":""2024-06-06T04:44:49Z"",""scheduled"":""2024-06-06T03:38:00Z""},""departure"":{""estimated"":""2024-06-06T04:44:49Z"",""scheduled"":""2024-06-06T03:38:02Z""},""diff"":""bad"",""diffMin"":66},{""station"":""Casey"",""code"":""CASY"",""estimated"":""2024-06-06T04:57:49Z"",""scheduled"":""2024-06-06T03:51:00Z"",""eta"":""ARR"",""arrival"":{""estimated"":""2024-06-06T04:57:49Z"",""scheduled"":""2024-06-06T03:51:00Z""},""departure"":{""estimated"":""2024-06-06T04:57:49Z"",""scheduled"":""2024-06-06T03:51:02Z""},""diff"":""bad"",""diffMin"":66},{""station"":""Mccarthy"",""code"":""MCCA"",""estimated"":""2024-06-06T05:11:49Z"",""scheduled"":""2024-06-06T04:05:00Z"",""eta"":""ARR"",""arrival"":{""estimated"":""2024-06-06T05:11:49Z"",""scheduled"":""2024-06-06T04:05:00Z""},""departure"":{""estimated"":""2024-06-06T05:11:49Z"",""scheduled"":""2024-06-06T04:05:02Z""},""diff"":""bad"",""diffMin"":66},{""station"":""Club Sisco"",""code"":""SSCC"",""estimated"":""2024-06-06T05:14:49Z"",""scheduled"":""2024-06-06T04:08:00Z"",""eta"":""ARR"",""arrival"":{""estimated"":""2024-06-06T05:14:49Z"",""scheduled"":""2024-06-06T04:08:00Z""},""departure"":{""estimated"":""2024-06-06T05:14:49Z"",""scheduled"":""2024-06-06T04:08:02Z""},""diff"":""bad"",""diffMin"":66},{""station"":""Manjobagues"",""code"":""MJBG"",""estimated"":""2024-06-06T05:22:49Z"",""scheduled"":""2024-06-06T04:16:00Z"",""eta"":""ARR"",""arrival"":{""estimated"":""2024-06-06T05:22:49Z"",""scheduled"":""2024-06-06T04:16:00Z""},""departure"":{""estimated"":""2024-06-06T05:22:49Z"",""scheduled"":""2024-06-06T04:16:02Z""},""diff"":""bad"",""diffMin"":66},{""station"":""Parent"",""code"":""PARE"",""estimated"":""2024-06-06T05:36:49Z"",""scheduled"":""2024-06-06T04:30:00Z"",""eta"":""ARR"",""arrival"":{""estimated"":""2024-06-06T05:36:49Z"",""scheduled"":""2024-06-06T04:30:00Z""},""departure"":{""estimated"":""2024-06-06T05:36:49Z"",""scheduled"":""2024-06-06T04:33:00Z""},""diff"":""bad"",""diffMin"":66},{""station"":""Timbrell"",""code"":""TIMB"",""estimated"":""2024-06-06T06:00:49Z"",""scheduled"":""2024-06-06T04:54:00Z"",""eta"":""ARR"",""arrival"":{""estimated"":""2024-06-06T06:00:49Z"",""scheduled"":""2024-06-06T04:54:00Z""},""departure"":{""estimated"":""2024-06-06T06:00:49Z"",""scheduled"":""2024-06-06T04:54:02Z""},""diff"":""bad"",""diffMin"":66},{""station"":""Club Rita Inc."",""code"":""RTAC"",""estimated"":""2024-06-06T06:10:49Z"",""scheduled"":""2024-06-06T05:04:00Z"",""eta"":""ARR"",""arrival"":{""estimated"":""2024-06-06T06:10:49Z"",""scheduled"":""2024-06-06T05:04:00Z""},""departure"":{""estimated"":""2024-06-06T06:10:49Z"",""scheduled"":""2024-06-06T05:04:02Z""},""diff"":""bad"",""diffMin"":66},{""station"":""Strachan"",""code"":""STRN"",""estimated"":""2024-06-06T06:14:49Z"",""scheduled"":""2024-06-06T05:08:00Z"",""eta"":""ARR"",""arrival"":{""estimated"":""2024-06-06T06:14:49Z"",""scheduled"":""2024-06-06T05:08:00Z""},""departure"":{""estimated"":""2024-06-06T06:14:49Z"",""scheduled"":""2024-06-06T05:08:02Z""},""diff"":""bad"",""diffMin"":66},{""station"":""Club Maniwawa"",""code"":""MWWC"",""estimated"":""2024-06-06T06:21:49Z"",""scheduled"":""2024-06-06T05:15:00Z"",""eta"":""ARR"",""arrival"":{""estimated"":""2024-06-06T06:21:49Z"",""scheduled"":""2024-06-06T05:15:00Z""},""departure"":{""estimated"":""2024-06-06T06:21:49Z"",""scheduled"":""2024-06-06T05:15:01Z""},""diff"":""bad"",""diffMin"":66},{""station"":""Greening"",""code"":""GRNG"",""estimated"":""2024-06-06T06:32:49Z"",""scheduled"":""2024-06-06T05:26:00Z"",""eta"":""ARR"",""arrival"":{""estimated"":""2024-06-06T06:32:49Z"",""scheduled"":""2024-06-06T05:26:00Z""},""departure"":{""estimated"":""2024-06-06T06:32:49Z"",""scheduled"":""2024-06-06T05:26:02Z""},""diff"":""bad"",""diffMin"":66},{""station"":""Oskelaneo Lodge"",""code"":""OSKL"",""estimated"":""2024-06-06T06:40:49Z"",""scheduled"":""2024-06-06T05:34:00Z"",""eta"":""ARR"",""arrival"":{""estimated"":""2024-06-06T06:40:49Z"",""scheduled"":""2024-06-06T05:34:00Z""},""departure"":{""estimated"":""2024-06-06T06:40:49Z"",""scheduled"":""2024-06-06T05:34:02Z""},""diff"":""bad"",""diffMin"":66},{""station"":""Rivière Oskélanéo"",""code"":""OSKR"",""estimated"":""2024-06-06T06:51:49Z"",""scheduled"":""2024-06-06T05:45:00Z"",""eta"":""ARR"",""arrival"":{""estimated"":""2024-06-06T06:51:49Z"",""scheduled"":""2024-06-06T05:45:00Z""},""departure"":{""estimated"":""2024-06-06T06:51:49Z"",""scheduled"":""2024-06-06T05:45:02Z""},""diff"":""bad"",""diffMin"":66},{""station"":""Clova"",""code"":""CLOV"",""estimated"":""2024-06-06T07:01:49Z"",""scheduled"":""2024-06-06T05:55:00Z"",""eta"":""ARR"",""arrival"":{""estimated"":""2024-06-06T07:01:49Z"",""scheduled"":""2024-06-06T05:55:00Z""},""departure"":{""estimated"":""2024-06-06T07:01:49Z"",""scheduled"":""2024-06-06T05:58:00Z""},""diff"":""bad"",""diffMin"":66},{""station"":""Coquar"",""code"":""COQU"",""estimated"":""2024-06-06T07:13:49Z"",""scheduled"":""2024-06-06T06:07:00Z"",""eta"":""ARR"",""arrival"":{""estimated"":""2024-06-06T07:13:49Z"",""scheduled"":""2024-06-06T06:07:00Z""},""departure"":{""estimated"":""2024-06-06T07:13:49Z"",""scheduled"":""2024-06-06T06:07:02Z""},""diff"":""bad"",""diffMin"":66},{""station"":""Monet"",""code"":""MNET"",""estimated"":""2024-06-06T07:24:49Z"",""scheduled"":""2024-06-06T06:18:00Z"",""eta"":""ARR"",""arrival"":{""estimated"":""2024-06-06T07:24:49Z"",""scheduled"":""2024-06-06T06:18:00Z""},""departure"":{""estimated"":""2024-06-06T07:24:49Z"",""scheduled"":""2024-06-06T06:18:02Z""},""diff"":""bad"",""diffMin"":66},{""station"":""Consolidated Bathurst"",""code"":""CBAT"",""estimated"":""2024-06-06T07:32:49Z"",""scheduled"":""2024-06-06T06:26:00Z"",""eta"":""ARR"",""arrival"":{""estimated"":""2024-06-06T07:32:49Z"",""scheduled"":""2024-06-06T06:26:00Z""},""departure"":{""estimated"":""2024-06-06T07:32:49Z"",""scheduled"":""2024-06-06T06:26:02Z""},""diff"":""bad"",""diffMin"":66},{""station"":""Club Kapitachuan"",""code"":""KPTC"",""estimated"":""2024-06-06T07:36:49Z"",""scheduled"":""2024-06-06T06:30:00Z"",""eta"":""ARR"",""arrival"":{""estimated"":""2024-06-06T07:36:49Z"",""scheduled"":""2024-06-06T06:30:00Z""},""departure"":{""estimated"":""2024-06-06T07:36:49Z"",""scheduled"":""2024-06-06T06:30:02Z""},""diff"":""bad"",""diffMin"":66},{""station"":""Bourmont"",""code"":""BRMT"",""estimated"":""2024-06-06T07:38:49Z"",""scheduled"":""2024-06-06T06:32:00Z"",""eta"":""ARR"",""arrival"":{""estimated"":""2024-06-06T07:38:49Z"",""scheduled"":""2024-06-06T06:32:00Z""},""departure"":{""estimated"":""2024-06-06T07:38:49Z"",""scheduled"":""2024-06-06T06:32:02Z""},""diff"":""bad"",""diffMin"":66},{""station"":""Club Beaudin Inc."",""code"":""BDNC"",""estimated"":""2024-06-06T07:43:49Z"",""scheduled"":""2024-06-06T06:37:00Z"",""eta"":""ARR"",""arrival"":{""estimated"":""2024-06-06T07:43:49Z"",""scheduled"":""2024-06-06T06:37:00Z""},""departure"":{""estimated"":""2024-06-06T07:43:49Z"",""scheduled"":""2024-06-06T06:37:02Z""},""diff"":""bad"",""diffMin"":66},{""station"":""Langlade"",""code"":""LNGL"",""estimated"":""2024-06-06T07:50:49Z"",""scheduled"":""2024-06-06T06:44:00Z"",""eta"":""ARR"",""arrival"":{""estimated"":""2024-06-06T07:50:49Z"",""scheduled"":""2024-06-06T06:44:00Z""},""departure"":{""estimated"":""2024-06-06T07:50:49Z"",""scheduled"":""2024-06-06T06:44:02Z""},""diff"":""bad"",""diffMin"":66},{""station"":""Da-Rou-Lac Lodge"",""code"":""DRLL"",""estimated"":""2024-06-06T07:52:49Z"",""scheduled"":""2024-06-06T06:46:00Z"",""eta"":""ARR"",""arrival"":{""estimated"":""2024-06-06T07:52:49Z"",""scheduled"":""2024-06-06T06:46:00Z""},""departure"":{""estimated"":""2024-06-06T07:52:49Z"",""scheduled"":""2024-06-06T06:46:02Z""},""diff"":""bad"",""diffMin"":66},{""station"":""Gagnon"",""code"":""GAGN"",""estimated"":""2024-06-06T08:01:49Z"",""scheduled"":""2024-06-06T06:55:00Z"",""eta"":""ARR"",""arrival"":{""estimated"":""2024-06-06T08:01:49Z"",""scheduled"":""2024-06-06T06:55:00Z""},""departure"":{""estimated"":""2024-06-06T08:01:49Z"",""scheduled"":""2024-06-06T06:55:02Z""},""diff"":""bad"",""diffMin"":66},{""station"":""Dix"",""code"":""DIXX"",""estimated"":""2024-06-06T08:04:49Z"",""scheduled"":""2024-06-06T06:58:00Z"",""eta"":""ARR"",""arrival"":{""estimated"":""2024-06-06T08:04:49Z"",""scheduled"":""2024-06-06T06:58:00Z""},""departure"":{""estimated"":""2024-06-06T08:04:49Z"",""scheduled"":""2024-06-06T06:58:01Z""},""diff"":""bad"",""diffMin"":66},{""station"":""Bolger"",""code"":""BGQU"",""estimated"":""2024-06-06T08:15:49Z"",""scheduled"":""2024-06-06T07:09:00Z"",""eta"":""ARR"",""arrival"":{""estimated"":""2024-06-06T08:15:49Z"",""scheduled"":""2024-06-06T07:09:00Z""},""departure"":{""estimated"":""2024-06-06T08:15:49Z"",""scheduled"":""2024-06-06T07:09:02Z""},""diff"":""bad"",""diffMin"":66},{""station"":""Forsythe"",""code"":""FORS"",""estimated"":""2024-06-06T08:22:49Z"",""scheduled"":""2024-06-06T07:16:00Z"",""eta"":""ARR"",""arrival"":{""estimated"":""2024-06-06T08:22:49Z"",""scheduled"":""2024-06-06T07:16:00Z""},""departure"":{""estimated"":""2024-06-06T08:22:49Z"",""scheduled"":""2024-06-06T07:16:02Z""},""diff"":""bad"",""diffMin"":66},{""station"":""Press"",""code"":""PRSS"",""estimated"":""2024-06-06T08:41:49Z"",""scheduled"":""2024-06-06T07:35:00Z"",""eta"":""7 mins"",""arrival"":{""estimated"":""2024-06-06T08:41:49Z"",""scheduled"":""2024-06-06T07:35:00Z""},""departure"":{""estimated"":""2024-06-06T08:41:49Z"",""scheduled"":""2024-06-06T07:35:02Z""},""diff"":""bad"",""diffMin"":66},{""station"":""Signai"",""code"":""SIGN"",""estimated"":""2024-06-06T08:49:49Z"",""scheduled"":""2024-06-06T07:43:00Z"",""eta"":""15 mins"",""arrival"":{""estimated"":""2024-06-06T08:49:49Z"",""scheduled"":""2024-06-06T07:43:00Z""},""departure"":{""estimated"":""2024-06-06T08:49:49Z"",""scheduled"":""2024-06-06T07:43:01Z""},""diff"":""bad"",""diffMin"":66},{""station"":""Mégiscane"",""code"":""MEGI"",""estimated"":""2024-06-06T09:05:49Z"",""scheduled"":""2024-06-06T07:59:00Z"",""eta"":""31 mins"",""arrival"":{""estimated"":""2024-06-06T09:05:49Z"",""scheduled"":""2024-06-06T07:59:00Z""},""departure"":{""estimated"":""2024-06-06T09:05:49Z"",""scheduled"":""2024-06-06T07:59:02Z""},""diff"":""bad"",""diffMin"":66},{""station"":""Senneterre"",""code"":""SENN"",""estimated"":""2024-06-06T09:53:49Z"",""scheduled"":""2024-06-06T08:47:00Z"",""eta"":""1h19"",""arrival"":{""estimated"":""2024-06-06T09:53:49Z"",""scheduled"":""2024-06-06T08:47:00Z""},""diff"":""bad"",""diffMin"":66}]"